0.6083 0.0000 0.0000 0.0000 0.0000 0.0000 0.0000 0.0000 0.0000 0.0000 0.0000 0.0000 0.0000 0.0000 0.0000 0.0000 0.0000 0.0000 0.0000 0.0132 1.0000 0.0000 0.0000 1.0000 0.0000 1.0000 0.0000 0.0000 1.0000 1.0000 0.3333 0.8194 1.0000 0.0000 0.0000 0.0000 1.0000 1.0000
0.2113 0.0000 0.0000 0.0000 0.0000 0.0000 0.0000 0.0000 0.0000 0.0000 0.0000 0.0000 0.0000 0.0000 0.0000 0.0000 0.0000 0.0000 0.0000 0.0132 1.0000 0.0000 0.0000 1.0000 0.0000 1.0000 0.0000 0.0000 1.0000 1.0000 0.3333 0.8889 1.0000 0.0000 0.0000 0.0000 1.0000 1.0000
0.2164 0.0000 0.0000 0.0000 0.0000 0.0000 0.0000 0.0000 0.0000 0.0000 0.0000 0.0000 0.0000 0.0000 0.0000 0.0000 0.0000 0.0000 0.0000 0.0132 1.0000 0.0000 0.0000 1.0000 0.0000 1.0000 0.0000 0.0000 1.0000 1.0000 0.3333 0.8889 1.0000 0.0000 0.0000 0.0000 1.0000 1.0000
0.8583 0.0000 0.0000 0.0000 0.0000 0.0000 0.0000 0.0000 0.0000 0.0000 0.0000 0.0000 0.0000 0.0000 0.0000 0.0000 0.0000 0.0000 0.0000 0.0132 1.0000 0.0000 0.0000 1.0000 0.0000 1.0000 0.0000 0.0000 1.0000 1.0000 0.3333 0.5556 1.0000 0.0000 0.0000 0.0000 1.0000 1.0000
0.7361 0.0000 0.0000 0.0000 0.0000 0.0000 0.0000 0.0000 0.0000 0.0000 0.0000 0.0000 0.0000 0.0000 0.0000 0.0000 0.0000 0.0000 0.0000 0.0132 1.0000 0.0000 0.0000 1.0000 0.0000 1.0000 0.0000 0.0000 1.0000 1.0000 0.3333 1.0000 1.0000 0.0000 0.0000 0.0000 1.0000 1.0000
0.9678 0.0000 0.0000 0.0000 0.0000 0.0000 0.0000 0.0000 0.0000 0.0000 0.0000 0.0000 0.0000 0.0000 0.0000 0.0000 0.0000 0.0000 0.0000 0.0132 1.0000 0.0000 0.0000 1.0000 0.0000 1.0000 0.0000 0.0000 1.0000 1.0000 0.3333 0.2500 0.5600 0.0000 0.0000 0.0000 0.5217 1.0000
0.3161 0.0000 0.0000 0.0000 0.0000 0.0000 0.0000 0.0000 0.0000 0.0000 0.0000 0.0000 0.0000 0.0000 0.0000 0.0000 0.0000 0.0000 0.0000 0.0132 1.0000 0.0000 0.0000 1.0000 0.0000 1.0000 0.0000 0.0000 1.0000 1.0000 0.3333 0.8056 1.0000 0.0000 0.0000 0.0000 1.0000 1.0000
0.4078 0.0000 0.0000 0.0000 0.0000 0.0000 0.0000 0.0000 0.0000 0.0000 0.0000 0.0000 0.0000 0.0000 0.0000 0.0000 0.0000 0.0000 0.0000 0.0132 1.0000 0.0000 0.0000 1.0000 0.0000 1.0000 0.0000 0.0000 1.0000 1.0000 0.3333 0.8750 1.0000 0.0000 0.0000 0.0000 1.0000 1.0000
0.4984 0.0000 0.0000 0.0000 0.0000 0.0000 0.0000 0.0000 0.0000 0.0000 0.0000 0.0000 0.0000 0.0000 0.0000 0.0000 0.0000 0.0000 0.0000 0.0132 1.0000 0.0000 0.0000 1.0000 0.0000 1.0000 0.0000 0.0000 1.0000 1.0000 0.3333 0.7778 1.0000 0.0000 0.0000 0.0000 1.0000 1.0000
0.8365 1.0000 0.0000 0.0000 0.0000 0.0000 0.0000 0.0000 0.0000 0.0000 0.0000 0.0000 0.0000 0.0000 0.0000 0.0000 0.0000 0.0000 0.0000 0.0000 0.0000 0.0000 0.0000 1.0000 0.0000 1.0000 0.0000 0.0000 0.0000 1.0000 1.0000 0.0278 0.0800 0.0000 0.0000 0.0000 0.0000 0.0000
0.8865 0.0000 0.0000 0.0000 0.0000 0.0000 0.0000 0.0000 0.0000 0.0000 0.0000 0.0000 0.0000 0.0000 0.0000 0.0000 0.0000 0.0000 0.0000 0.0132 1.0000 0.0000 0.0000 1.0000 0.0000 1.0000 0.0000 0.0000 1.0000 1.0000 0.3333 0.5556 1.0000 0.0000 0.0000 0.0000 1.0000 1.0000
0.9799 0.0000 0.0000 0.0000 0.0000 0.0000 0.0000 0.0000 0.0000 0.0000 0.0000 0.0000 0.0000 0.0000 0.0000 0.0000 0.0000 0.0000 0.0000 0.0132 1.0000 0.0000 0.0000 1.0000 0.0000 1.0000 0.0000 0.0000 0.7797 1.0000 0.3333 0.1806 0.4400 0.0000 0.0000 0.0000 0.3913 1.0000
0.9542 0.0000 0.0000 0.0000 0.0000 0.0000 0.0000 0.0000 0.0000 0.0000 0.0000 0.0000 0.0000 0.0000 0.0000 0.0000 0.0000 0.0000 0.0000 0.0132 1.0000 0.0000 0.0000 1.0000 0.0000 1.0000 0.0000 0.0000 1.0000 1.0000 0.3333 0.3750 0.7300 0.0000 0.0000 0.0000 0.7065 1.0000
0.8878 0.0000 0.0000 0.0000 0.0000 0.0000 0.0000 0.0000 0.0000 0.0000 0.0000 0.0000 0.0000 0.0000 0.0000 0.0000 0.0000 0.0000 0.0000 0.0132 1.0000 0.0000 0.0000 1.0000 0.0000 1.0000 0.0000 0.0000 1.0000 1.0000 0.3333 0.5556 1.0000 0.0000 0.0000 0.0000 1.0000 1.0000
0.9637 0.0000 0.0000 0.0000 0.0000 0.0000 0.0000 0.0000 0.0000 0.0000 0.0000 0.0000 0.0000 0.0000 0.0000 0.0000 0.0000 0.0000 0.0000 0.0132 1.0000 0.0000 0.0000 1.0000 0.0000 1.0000 0.0000 0.0000 1.0000 1.0000 0.3333 0.2917 0.6100 0.0000 0.0000 0.0000 0.5761 1.0000
0.8849 0.0000 0.0000 0.0000 0.0000 0.0000 0.0000 0.0000 0.0000 0.0000 0.0000 0.0000 0.0000 0.0000 0.0000 0.0000 0.0000 0.0000 0.0000 0.0132 1.0000 0.0000 0.0000 1.0000 0.0000 1.0000 0.0000 0.0000 1.0000 1.0000 0.3333 0.5556 1.0000 0.0000 0.0000 0.0000 1.0000 1.0000
0.0000 0.0000 1.0000 0.0000 0.0000 0.0000 0.0000 0.0000 1.0000 0.0000 0.0000 0.0000 0.0000 0.0000 0.0000 0.0000 0.0000 0.0000 0.0000 1.0000 0.0000 0.0000 0.0000 0.0000 0.0000 0.0000 1.0000 0.0000 0.7006 0.0000 0.0000 0.4722 0.0000 0.0000 0.0000 0.0000 0.3152 1.0000
0.9299 0.0000 0.0000 0.0000 0.0000 0.0000 0.0000 0.0000 0.0000 0.0000 0.0000 0.0000 0.0000 0.0000 0.0000 0.0000 0.0000 0.0000 0.0000 0.0132 1.0000 0.0000 0.0000 1.0000 0.0000 1.0000 0.0000 0.0000 1.0000 1.0000 0.3333 0.5556 1.0000 0.0000 0.0000 0.0000 1.0000 1.0000
0.6010 0.0000 0.0000 0.0000 0.0000 0.0000 0.0000 0.0000 0.0000 0.0000 0.0000 0.0000 0.0000 0.0000 0.0000 0.0000 0.0000 0.0000 0.0000 0.0132 1.0000 0.0000 0.0000 1.0000 0.0000 1.0000 0.0000 0.0000 1.0000 1.0000 0.3333 0.7500 1.0000 0.0000 0.0000 0.0000 1.0000 1.0000
0.9090 0.0000 0.0000 0.0000 0.0000 0.0000 0.0000 0.0000 0.0000 0.0000 0.0000 0.0000 0.0000 0.0000 0.0000 0.0000 0.0000 0.0000 0.0000 0.0132 1.0000 0.0000 0.0000 1.0000 0.0000 1.0000 0.0000 0.0000 1.0000 1.0000 0.3333 0.5694 1.0000 0.0000 0.0000 0.0000 1.0000 1.0000
0.8835 0.0000 0.0000 0.0000 0.0000 0.0000 0.0000 0.0000 0.0000 0.0000 0.0000 0.0000 0.0000 0.0000 0.0000 0.0000 0.0000 0.0000 0.0000 0.0132 1.0000 0.0000 0.0000 1.0000 0.0000 1.0000 0.0000 0.0000 1.0000 1.0000 0.3333 0.5556 1.0000 0.0000 0.0000 0.0000 1.0000 1.0000
0.1935 0.0000 0.0000 0.0000 0.0000 0.0000 0.0000 0.0000 0.0000 0.0000 0.0000 0.0000 0.0000 0.0000 0.0000 0.0000 0.0000 0.0000 0.0000 0.0132 1.0000 0.0000 0.0000 1.0000 0.0000 1.0000 0.0000 0.0000 1.0000 1.0000 0.3333 0.7639 1.0000 0.0000 0.0000 0.0000 1.0000 1.0000
0.5359 0.0000 0.0000 0.0000 0.0000 0.0000 0.0000 0.0000 0.0000 0.0000 0.0000 0.0000 0.0000 0.0000 0.0000 0.0000 0.0000 0.0000 0.0000 0.0132 1.0000 0.0000 0.0000 1.0000 0.0000 1.0000 0.0000 0.0000 1.0000 1.0000 0.3333 0.8750 1.0000 0.0000 0.0000 0.0000 1.0000 1.0000
0.6333 0.0000 0.0000 0.0000 0.0000 0.0000 0.0000 0.0000 0.0000 0.0000 0.0000 0.0000 0.0000 0.0000 0.0000 0.0000 0.0000 0.0000 0.0000 0.0132 1.0000 0.0000 0.0000 1.0000 0.0000 1.0000 0.0000 0.0000 1.0000 1.0000 0.3333 0.8889 1.0000 0.0000 0.0000 0.0000 1.0000 1.0000
0.7375 0.0000 0.0000 0.0000 0.0000 0.0000 0.0000 0.0000 0.0000 0.0000 0.0000 0.0000 0.0000 0.0000 0.0000 0.0000 0.0000 0.0000 0.0000 0.0132 1.0000 0.0000 0.0000 1.0000 0.0000 1.0000 0.0000 0.0000 1.0000 1.0000 0.3333 1.0000 1.0000 0.0000 0.0000 0.0000 1.0000 1.0000
0.4951 0.0000 0.0000 0.0000 0.0000 0.0000 0.0000 0.0000 0.0000 0.0000 0.0000 0.0000 0.0000 0.0000 0.0000 0.0000 0.0000 0.0000 0.0000 0.0132 1.0000 0.0000 0.0000 1.0000 0.0000 1.0000 0.0000 0.0000 1.0000 1.0000 0.3333 0.7500 1.0000 0.0000 0.0000 0.0000 1.0000 1.0000
0.8887 0.0000 0.0000 0.0000 0.0000 0.0000 0.0000 0.0000 0.0000 0.0000 0.0000 0.0000 0.0000 0.0000 0.0000 0.0000 0.0000 0.0000 0.0000 0.0132 1.0000 0.0000 0.0000 1.0000 0.0000 1.0000 0.0000 0.0000 1.0000 1.0000 0.3333 0.5556 1.0000 0.0000 0.0000 0.0000 1.0000 1.0000
0.3206 0.0000 0.0000 0.0000 0.0000 0.0000 0.0000 0.0000 0.0000 0.0000 0.0000 0.0000 0.0000 0.0000 0.0000 0.0000 0.0000 0.0000 0.0000 0.0132 1.0000 0.0000 0.0000 1.0000 0.0000 1.0000 0.0000 0.0000 1.0000 1.0000 0.3333 0.8056 1.0000 0.0000 0.0000 0.0000 1.0000 1.0000
0.4322 0.0000 0.0000 0.0000 0.0000 0.0000 0.0000 0.0000 0.0000 0.0000 0.0000 0.0000 0.0000 0.0000 0.0000 0.0000 0.0000 0.0000 0.0000 0.0132 1.0000 0.0000 0.0000 1.0000 0.0000 1.0000 0.0000 0.0000 1.0000 1.0000 0.3333 0.8750 1.0000 0.0000 0.0000 0.0000 1.0000 1.0000
0.2197 0.0000 0.0000 0.0000 0.0000 0.0000 0.0000 0.0000 0.0000 0.0000 0.0000 0.0000 0.0000 0.0000 0.0000 0.0000 0.0000 0.0000 0.0000 0.0132 1.0000 0.0000 0.0000 1.0000 0.0000 1.0000 0.0000 0.0000 1.0000 1.0000 0.3333 0.8889 1.0000 0.0000 0.0000 0.0000 1.0000 1.0000
0.3238 0.0000 0.0000 0.0000 0.0000 0.0000 0.0000 0.0000 0.0000 0.0000 0.0000 0.0000 0.0000 0.0000 0.0000 0.0000 0.0000 0.0000 0.0000 0.0132 1.0000 0.0000 0.0000 1.0000 0.0000 1.0000 0.0000 0.0000 1.0000 1.0000 0.3333 0.8056 1.0000 0.0000 0.0000 0.0000 1.0000 1.0000
0.8470 0.0000 0.0000 0.0000 0.0000 0.0000 0.0000 0.0000 0.0000 0.0000 0.0000 0.0000 0.0000 0.0000 0.0000 0.0000 0.0000 0.0000 0.0000 0.0132 1.0000 0.0000 0.0000 1.0000 0.0000 1.0000 0.0000 0.0000 1.0000 1.0000 0.3333 0.5556 1.0000 0.0000 0.0000 0.0000 1.0000 1.0000
0.5140 0.0000 0.0000 0.0000 0.0000 0.0000 0.0000 0.0000 0.0000 0.0000 0.0000 0.0000 0.0000 0.0000 0.0000 0.0000 0.0000 0.0000 0.0000 0.0132 1.0000 0.0000 0.0000 1.0000 0.0000 1.0000 0.0000 0.0000 1.0000 1.0000 0.3333 0.8750 1.0000 0.0000 0.0000 0.0000 1.0000 1.0000
0.1239 0.0000 0.0000 0.0000 0.0000 0.0000 0.0000 0.0000 0.0000 0.0000 0.0000 0.0000 0.0000 0.0000 0.0000 0.0000 0.0000 0.0000 0.0000 0.0132 1.0000 0.0000 0.0000 1.0000 0.0000 1.0000 0.0000 0.0000 1.0000 1.0000 0.3333 0.8889 1.0000 0.0000 0.0000 0.0000 1.0000 1.0000
0.3370 0.0000 0.0000 0.0000 0.0000 0.0000 0.0000 0.0000 0.0000 0.0000 0.0000 0.0000 0.0000 0.0000 0.0000 0.0000 0.0000 0.0000 0.0000 0.0132 1.0000 0.0000 0.0000 1.0000 0.0000 1.0000 0.0000 0.0000 1.0000 1.0000 0.3333 0.8056 1.0000 0.0000 0.0000 0.0000 1.0000 1.0000
0.9389 0.0000 0.0000 0.0000 0.0000 0.0000 0.0000 0.0000 0.0000 0.0000 0.0000 0.0000 0.0000 0.0000 0.0000 0.0000 0.0000 0.0000 0.0000 0.0132 1.0000 0.0000 0.0000 1.0000 0.0000 1.0000 0.0000 0.0000 1.0000 1.0000 0.3333 0.5278 0.9600 0.0000 0.0000 0.0000 0.9565 1.0000
0.1335 0.0000 0.0000 0.0000 0.0000 0.0000 0.0000 0.0000 0.0000 0.0000 0.0000 0.0000 0.0000 0.0000 0.0000 0.0000 0.0000 0.0000 0.0000 0.0132 1.0000 0.0000 0.0000 1.0000 0.0000 1.0000 0.0000 0.0000 1.0000 1.0000 0.3333 0.8750 1.0000 0.0000 0.0000 0.0000 1.0000 1.0000
0.8505 0.0000 0.0000 0.0000 0.0000 0.0000 0.0000 0.0000 0.0000 0.0000 0.0000 0.0000 0.0000 0.0000 0.0000 0.0000 0.0000 0.0000 0.0000 0.0132 1.0000 0.0000 0.0000 1.0000 0.0000 1.0000 0.0000 0.0000 1.0000 1.0000 0.3333 0.5556 1.0000 0.0000 0.0000 0.0000 1.0000 1.0000
0.9671 0.0000 0.0000 0.0000 0.0000 0.0000 0.0000 0.0000 0.0000 0.0000 0.0000 0.0000 0.0000 0.0000 0.0000 0.0000 0.0000 0.0000 0.0000 0.0132 1.0000 0.0000 0.0000 1.0000 0.0000 1.0000 0.0000 0.0000 1.0000 1.0000 0.3333 0.2639 0.5600 0.0000 0.0000 0.0000 0.5217 1.0000
0.3147 0.0000 0.0000 0.0000 0.0000 0.0000 0.0000 0.0000 0.0000 0.0000 0.0000 0.0000 0.0000 0.0000 0.0000 0.0000 0.0000 0.0000 0.0000 0.0132 1.0000 0.0000 0.0000 1.0000 0.0000 1.0000 0.0000 0.0000 1.0000 1.0000 0.3333 0.8056 1.0000 0.0000 0.0000 0.0000 1.0000 1.0000
0.7135 0.0000 0.0000 0.0000 0.0000 0.0000 0.0000 0.0000 0.0000 0.0000 0.0000 0.0000 0.0000 0.0000 0.0000 0.0000 0.0000 0.0000 0.0000 0.0132 1.0000 0.0000 0.0000 1.0000 0.0000 1.0000 0.0000 0.0000 1.0000 1.0000 0.3333 0.8056 1.0000 0.0000 0.0000 0.0000 1.0000 1.0000
0.5087 0.0000 0.0000 0.0000 0.0000 0.0000 0.0000 0.0000 0.0000 0.0000 0.0000 0.0000 0.0000 0.0000 0.0000 0.0000 0.0000 0.0000 0.0000 0.0132 1.0000 0.0000 0.0000 1.0000 0.0000 1.0000 0.0000 0.0000 1.0000 1.0000 0.3333 0.8750 1.0000 0.0000 0.0000 0.0000 1.0000 1.0000
0.8474 0.0000 0.0000 0.0000 0.0000 0.0000 0.0000 0.0000 0.0000 0.0000 0.0000 0.0000 0.0000 0.0000 0.0000 0.0000 0.0000 0.0000 0.0000 0.0132 1.0000 0.0000 0.0000 1.0000 0.0000 1.0000 0.0000 0.0000 1.0000 1.0000 0.3333 0.5556 1.0000 0.0000 0.0000 0.0000 1.0000 1.0000
0.8690 0.0000 0.0000 0.0000 0.0000 0.0000 0.0000 0.0000 0.0000 0.0000 0.0000 0.0000 0.0000 0.0000 0.0000 0.0000 0.0000 0.0000 0.0000 0.0132 1.0000 0.0000 0.0000 1.0000 0.0000 1.0000 0.0000 0.0000 1.0000 1.0000 0.3333 0.5556 1.0000 0.0000 0.0000 0.0000 1.0000 1.0000
0.9289 0.0000 0.0000 0.0000 0.0000 0.0000 0.0000 0.0000 0.0000 0.0000 0.0000 0.0000 0.0000 0.0000 0.0000 0.0000 0.0000 0.0000 0.0000 0.0132 1.0000 0.0000 0.0000 1.0000 0.0000 1.0000 0.0000 0.0000 1.0000 1.0000 0.3333 0.5556 1.0000 0.0000 0.0000 0.0000 1.0000 1.0000
0.9284 0.0000 0.0000 0.0000 0.0000 0.0000 0.0000 0.0000 0.0000 0.0000 0.0000 0.0000 0.0000 0.0000 0.0000 0.0000 0.0000 0.0000 0.0000 0.0132 1.0000 0.0000 0.0000 1.0000 0.0000 1.0000 0.0000 0.0000 1.0000 1.0000 0.3333 0.5556 1.0000 0.0000 0.0000 0.0000 1.0000 1.0000
0.9236 0.0000 0.0000 0.0000 0.0000 0.0000 0.0000 0.0000 0.0000 0.0000 0.0000 0.0000 0.0000 0.0000 0.0000 0.0000 0.0000 0.0000 0.0000 0.0132 1.0000 0.0000 0.0000 1.0000 0.0000 1.0000 0.0000 0.0000 1.0000 1.0000 0.3333 0.5556 1.0000 0.0000 0.0000 0.0000 1.0000 1.0000
0.3958 0.0000 0.0000 0.0000 0.0000 0.0000 0.0000 0.0000 0.0000 0.0000 0.0000 0.0000 0.0000 0.0000 0.0000 0.0000 0.0000 0.0000 0.0000 0.0132 1.0000 0.0000 0.0000 1.0000 0.0000 1.0000 0.0000 0.0000 1.0000 1.0000 0.3333 0.8056 1.0000 0.0000 0.0000 0.0000 1.0000 1.0000
0.0991 0.0000 0.0000 0.0000 0.0000 0.0000 0.0000 0.0000 0.0000 0.0000 0.0000 0.0000 0.0000 0.0000 0.0000 0.0000 0.0000 0.0000 0.0000 0.0132 1.0000 0.0000 0.0000 1.0000 0.0000 1.0000 0.0000 0.0000 1.0000 1.0000 0.3333 0.8750 1.0000 0.0000 0.0000 0.0000 1.0000 1.0000
0.2989 0.0000 0.0000 0.0000 0.0000 0.0000 0.0000 0.0000 0.0000 0.0000 0.0000 0.0000 0.0000 0.0000 0.0000 0.0000 0.0000 0.0000 0.0000 0.0132 1.0000 0.0000 0.0000 1.0000 0.0000 1.0000 0.0000 0.0000 1.0000 1.0000 0.3333 0.7639 1.0000 0.0000 0.0000 0.0000 1.0000 1.0000
0.8760 0.0000 0.0000 0.0000 0.0000 0.0000 0.0000 0.0000 0.0000 0.0000 0.0000 0.0000 0.0000 0.0000 0.0000 0.0000 0.0000 0.0000 0.0000 0.0132 1.0000 0.0000 0.0000 1.0000 0.0000 1.0000 0.0000 0.0000 1.0000 1.0000 0.3333 0.5556 1.0000 0.0000 0.0000 0.0000 1.0000 1.0000
0.9137 0.0000 0.0000 0.0000 0.0000 0.0000 0.0000 0.0000 0.0000 0.0000 0.0000 0.0000 0.0000 0.0000 0.0000 0.0000 0.0000 0.0000 0.0000 0.0132 1.0000 0.0000 0.0000 1.0000 0.0000 1.0000 0.0000 0.0000 1.0000 1.0000 0.3333 0.5694 1.0000 0.0000 0.0000 0.0000 1.0000 1.0000
0.3870 0.0000 0.0000 0.0000 0.0000 0.0000 0.0000 0.0000 0.0000 0.0000 0.0000 0.0000 0.0000 0.0000 0.0000 0.0000 0.0000 0.0000 0.0000 0.0132 1.0000 0.0000 0.0000 1.0000 0.0000 1.0000 0.0000 0.0000 1.0000 1.0000 0.3333 0.7222 1.0000 0.0000 0.0000 0.0000 1.0000 1.0000
0.5121 0.0000 0.0000 0.0000 0.0000 0.0000 0.0000 0.0000 0.0000 0.0000 0.0000 0.0000 0.0000 0.0000 0.0000 0.0000 0.0000 0.0000 0.0000 0.0132 1.0000 0.0000 0.0000 1.0000 0.0000 1.0000 0.0000 0.0000 1.0000 1.0000 0.3333 0.8750 1.0000 0.0000 0.0000 0.0000 1.0000 1.0000
0.8844 0.0000 0.0000 0.0000 0.0000 0.0000 0.0000 0.0000 0.0000 0.0000 0.0000 0.0000 0.0000 0.0000 0.0000 0.0000 0.0000 0.0000 0.0000 0.0132 1.0000 0.0000 0.0000 1.0000 0.0000 1.0000 0.0000 0.0000 1.0000 1.0000 0.3333 0.5556 1.0000 0.0000 0.0000 0.0000 1.0000 1.0000
0.4211 0.0000 0.0000 0.0000 0.0000 0.0000 0.0000 0.0000 0.0000 0.0000 0.0000 0.0000 0.0000 0.0000 0.0000 0.0000 0.0000 0.0000 0.0000 0.0132 1.0000 0.0000 0.0000 1.0000 0.0000 1.0000 0.0000 0.0000 1.0000 1.0000 0.3333 0.8750 1.0000 0.0000 0.0000 0.0000 1.0000 1.0000
0.8603 0.0000 0.0000 0.0000 0.0000 0.0000 0.0000 0.0000 0.0000 0.0000 0.0000 0.0000 0.0000 0.0000 0.0000 0.0000 0.0000 0.0000 0.0000 0.0132 1.0000 0.0000 0.0000 1.0000 0.0000 1.0000 0.0000 0.0000 1.0000 1.0000 0.3333 0.5556 1.0000 0.0000 0.0000 0.0000 1.0000 1.0000
0.1968 0.0000 0.0000 0.0000 0.0000 0.0000 0.0000 0.0000 0.0000 0.0000 0.0000 0.0000 0.0000 0.0000 0.0000 0.0000 0.0000 0.0000 0.0000 0.0132 1.0000 0.0000 0.0000 1.0000 0.0000 1.0000 0.0000 0.0000 1.0000 1.0000 0.3333 0.8056 1.0000 0.0000 0.0000 0.0000 1.0000 1.0000
0.3271 0.0000 0.0000 0.0000 0.0000 0.0000 0.0000 0.0000 0.0000 0.0000 0.0000 0.0000 0.0000 0.0000 0.0000 0.0000 0.0000 0.0000 0.0000 0.0132 1.0000 0.0000 0.0000 1.0000 0.0000 1.0000 0.0000 0.0000 1.0000 1.0000 0.3333 0.8056 1.0000 0.0000 0.0000 0.0000 1.0000 1.0000
0.9245 0.0000 0.0000 0.0000 0.0000 0.0000 0.0000 0.0000 0.0000 0.0000 0.0000 0.0000 0.0000 0.0000 0.0000 0.0000 0.0000 0.0000 0.0000 0.0132 1.0000 0.0000 0.0000 1.0000 0.0000 1.0000 0.0000 0.0000 1.0000 1.0000 0.3333 0.5556 1.0000 0.0000 0.0000 0.0000 1.0000 1.0000
0.3133 0.0000 0.0000 0.0000 0.0000 0.0000 0.0000 0.0000 0.0000 0.0000 0.0000 0.0000 0.0000 0.0000 0.0000 0.0000 0.0000 0.0000 0.0000 0.0132 1.0000 0.0000 0.0000 1.0000 0.0000 1.0000 0.0000 0.0000 1.0000 1.0000 0.3333 0.8056 1.0000 0.0000 0.0000 0.0000 1.0000 1.0000
0.0864 0.0000 0.0000 0.0000 0.0000 0.0000 0.0000 0.0000 0.0000 0.0000 0.0000 0.0000 0.0000 0.0000 0.0000 0.0000 0.0000 0.0000 0.0000 0.0132 1.0000 0.0000 0.0000 1.0000 0.0000 1.0000 0.0000 0.0000 1.0000 1.0000 0.3333 0.7500 1.0000 0.0000 0.0000 0.0000 1.0000 1.0000
0.3008 0.0000 0.0000 0.0000 0.0000 0.0000 0.0000 0.0000 0.0000 0.0000 0.0000 0.0000 0.0000 0.0000 0.0000 0.0000 0.0000 0.0000 0.0000 0.0132 1.0000 0.0000 0.0000 1.0000 0.0000 1.0000 0.0000 0.0000 1.0000 1.0000 0.3333 0.7917 1.0000 0.0000 0.0000 0.0000 1.0000 1.0000
0.9417 0.0000 0.0000 0.0000 0.0000 0.0000 0.0000 0.0000 0.0000 0.0000 0.0000 0.0000 0.0000 0.0000 0.0000 0.0000 0.0000 0.0000 0.0000 0.0132 1.0000 0.0000 0.0000 1.0000 0.0000 1.0000 0.0000 0.0000 1.0000 1.0000 0.3333 0.5139 0.9200 0.0000 0.0000 0.0000 0.9130 1.0000
0.3990 0.0000 0.0000 0.0000 0.0000 0.0000 0.0000 0.0000 0.0000 0.0000 0.0000 0.0000 0.0000 0.0000 0.0000 0.0000 0.0000 0.0000 0.0000 0.0132 1.0000 0.0000 0.0000 1.0000 0.0000 1.0000 0.0000 0.0000 1.0000 1.0000 0.3333 0.8472 1.0000 0.0000 0.0000 0.0000 1.0000 1.0000
0.0942 0.0000 0.0000 0.0000 0.0000 0.0000 0.0000 0.0000 0.0000 0.0000 0.0000 0.0000 0.0000 0.0000 0.0000 0.0000 0.0000 0.0000 0.0000 0.0132 1.0000 0.0000 0.0000 1.0000 0.0000 1.0000 0.0000 0.0000 1.0000 1.0000 0.3333 0.8333 1.0000 0.0000 0.0000 0.0000 1.0000 1.0000
0.1009 0.0000 0.0000 0.0000 0.0000 0.0000 0.0000 0.0000 0.0000 0.0000 0.0000 0.0000 0.0000 0.0000 0.0000 0.0000 0.0000 0.0000 0.0000 0.0132 1.0000 0.0000 0.0000 1.0000 0.0000 1.0000 0.0000 0.0000 1.0000 1.0000 0.3333 0.8889 1.0000 0.0000 0.0000 0.0000 1.0000 1.0000
0.1087 0.0000 0.0000 0.0000 0.0000 0.0000 0.0000 0.0000 0.0000 0.0000 0.0000 0.0000 0.0000 0.0000 0.0000 0.0000 0.0000 0.0000 0.0000 0.0132 1.0000 0.0000 0.0000 1.0000 0.0000 1.0000 0.0000 0.0000 1.0000 1.0000 0.3333 0.8889 1.0000 0.0000 0.0000 0.0000 1.0000 1.0000
0.6092 0.0000 0.0000 0.0000 0.0000 0.0000 0.0000 0.0000 0.0000 0.0000 0.0000 0.0000 0.0000 0.0000 0.0000 0.0000 0.0000 0.0000 0.0000 0.0132 1.0000 0.0000 0.0000 1.0000 0.0000 1.0000 0.0000 0.0000 1.0000 1.0000 0.3333 0.8333 1.0000 0.0000 0.0000 0.0000 1.0000 1.0000
0.1977 0.0000 0.0000 0.0000 0.0000 0.0000 0.0000 0.0000 0.0000 0.0000 0.0000 0.0000 0.0000 0.0000 0.0000 0.0000 0.0000 0.0000 0.0000 0.0132 1.0000 0.0000 0.0000 1.0000 0.0000 1.0000 0.0000 0.0000 1.0000 1.0000 0.3333 0.8056 1.0000 0.0000 0.0000 0.0000 1.0000 1.0000
0.1925 0.0000 0.0000 0.0000 0.0000 0.0000 0.0000 0.0000 0.0000 0.0000 0.0000 0.0000 0.0000 0.0000 0.0000 0.0000 0.0000 0.0000 0.0000 0.0132 1.0000 0.0000 0.0000 1.0000 0.0000 1.0000 0.0000 0.0000 1.0000 1.0000 0.3333 0.7500 1.0000 0.0000 0.0000 0.0000 1.0000 1.0000
0.1101 0.0000 0.0000 0.0000 0.0000 0.0000 0.0000 0.0000 0.0000 0.0000 0.0000 0.0000 0.0000 0.0000 0.0000 0.0000 0.0000 0.0000 0.0000 0.0132 1.0000 0.0000 0.0000 1.0000 0.0000 1.0000 0.0000 0.0000 1.0000 1.0000 0.3333 0.8889 1.0000 0.0000 0.0000 0.0000 1.0000 1.0000
0.4979 0.0000 0.0000 0.0000 0.0000 0.0000 0.0000 0.0000 0.0000 0.0000 0.0000 0.0000 0.0000 0.0000 0.0000 0.0000 0.0000 0.0000 0.0000 0.0132 1.0000 0.0000 0.0000 1.0000 0.0000 1.0000 0.0000 0.0000 1.0000 1.0000 0.3333 0.7778 1.0000 0.0000 0.0000 0.0000 1.0000 1.0000
0.9331 0.0000 0.0000 0.0000 0.0000 0.0000 0.0000 0.0000 0.0000 0.0000 0.0000 0.0000 0.0000 0.0000 0.0000 0.0000 0.0000 0.0000 0.0000 0.0132 1.0000 0.0000 0.0000 1.0000 0.0000 1.0000 0.0000 0.0000 1.0000 1.0000 0.3333 0.5556 1.0000 0.0000 0.0000 0.0000 1.0000 1.0000
0.4206 0.0000 0.0000 0.0000 0.0000 0.0000 0.0000 0.0000 0.0000 0.0000 0.0000 0.0000 0.0000 0.0000 0.0000 0.0000 0.0000 0.0000 0.0000 0.0132 1.0000 0.0000 0.0000 1.0000 0.0000 1.0000 0.0000 0.0000 1.0000 1.0000 0.3333 0.8750 1.0000 0.0000 0.0000 0.0000 1.0000 1.0000
0.5098 0.0000 0.0000 0.0000 0.0000 0.0000 0.0000 0.0000 0.0000 0.0000 0.0000 0.0000 0.0000 0.0000 0.0000 0.0000 0.0000 0.0000 0.0000 0.0000 0.0000 0.0000 0.0000 1.0000 0.0000 1.0000 0.0000 0.0000 1.0000 0.0000 0.0000 0.8889 1.0000 0.0000 0.0000 0.0000 1.0000 1.0000
0.3262 0.0000 0.0000 0.0000 0.0000 0.0000 0.0000 0.0000 0.0000 0.0000 0.0000 0.0000 0.0000 0.0000 0.0000 0.0000 0.0000 0.0000 0.0000 0.0132 1.0000 0.0000 0.0000 1.0000 0.0000 1.0000 0.0000 0.0000 1.0000 1.0000 0.3333 0.8056 1.0000 0.0000 0.0000 0.0000 1.0000 1.0000
0.6111 0.0000 0.0000 0.0000 0.0000 0.0000 0.0000 0.0000 0.0000 0.0000 0.0000 0.0000 0.0000 0.0000 0.0000 0.0000 0.0000 0.0000 0.0000 0.0132 1.0000 0.0000 0.0000 1.0000 0.0000 1.0000 0.0000 0.0000 1.0000 1.0000 0.3333 0.8472 1.0000 0.0000 0.0000 0.0000 1.0000 1.0000
0.5149 0.0000 0.0000 0.0000 0.0000 0.0000 0.0000 0.0000 0.0000 0.0000 0.0000 0.0000 0.0000 0.0000 0.0000 0.0000 0.0000 0.0000 0.0000 0.0132 1.0000 0.0000 0.0000 1.0000 0.0000 1.0000 0.0000 0.0000 1.0000 1.0000 0.3333 0.8750 1.0000 0.0000 0.0000 0.0000 1.0000 1.0000
0.3875 0.0000 0.0000 0.0000 0.0000 0.0000 0.0000 0.0000 0.0000 0.0000 0.0000 0.0000 0.0000 0.0000 0.0000 0.0000 0.0000 0.0000 0.0000 0.0132 1.0000 0.0000 0.0000 1.0000 0.0000 1.0000 0.0000 0.0000 1.0000 1.0000 0.3333 0.7361 1.0000 0.0000 0.0000 0.0000 1.0000 1.0000
0.1014 0.0000 0.0000 0.0000 0.0000 0.0000 0.0000 0.0000 0.0000 0.0000 0.0000 0.0000 0.0000 0.0000 0.0000 0.0000 0.0000 0.0000 0.0000 0.0132 1.0000 0.0000 0.0000 1.0000 0.0000 1.0000 0.0000 0.0000 1.0000 1.0000 0.3333 0.8889 1.0000 0.0000 0.0000 0.0000 1.0000 1.0000
0.8261 0.0000 0.0000 0.0000 0.0000 0.0000 0.0000 0.0000 0.0000 0.0000 0.0000 0.0000 0.0000 0.0000 0.0000 0.0000 0.0000 0.0000 0.0000 0.0132 1.0000 0.0000 0.0000 1.0000 0.0000 1.0000 0.0000 0.0000 1.0000 1.0000 0.3333 0.6667 1.0000 0.0000 0.0000 0.0000 1.0000 1.0000
0.2028 0.0000 0.0000 0.0000 0.0000 0.0000 0.0000 0.0000 0.0000 0.0000 0.0000 0.0000 0.0000 0.0000 0.0000 0.0000 0.0000 0.0000 0.0000 0.0132 1.0000 0.0000 0.0000 1.0000 0.0000 1.0000 0.0000 0.0000 1.0000 1.0000 0.3333 0.8472 1.0000 0.0000 0.0000 0.0000 1.0000 1.0000
0.1026 0.0000 0.0000 0.0000 0.0000 0.0000 0.0000 0.0000 0.0000 0.0000 0.0000 0.0000 0.0000 0.0000 0.0000 0.0000 0.0000 0.0000 0.0000 0.0132 1.0000 0.0000 0.0000 1.0000 0.0000 1.0000 0.0000 0.0000 1.0000 1.0000 0.3333 0.8889 1.0000 0.0000 0.0000 0.0000 1.0000 1.0000
0.5331 0.0000 0.0000 0.0000 0.0000 0.0000 0.0000 0.0000 0.0000 0.0000 0.0000 0.0000 0.0000 0.0000 0.0000 0.0000 0.0000 0.0000 0.0000 0.0132 1.0000 0.0000 0.0000 1.0000 0.0000 1.0000 0.0000 0.0000 1.0000 1.0000 0.3333 0.8750 1.0000 0.0000 0.0000 0.0000 1.0000 1.0000
0.7568 0.0000 0.0000 0.0000 0.0000 0.0000 0.0000 0.0000 0.0000 0.0000 0.0000 0.0000 0.0000 0.0000 0.0000 0.0000 0.0000 0.0000 0.0000 0.0132 1.0000 0.0000 0.0000 1.0000 0.0000 1.0000 0.0000 0.0000 1.0000 1.0000 0.3333 0.9861 1.0000 0.0000 0.0000 0.0000 1.0000 1.0000
0.2155 0.0000 0.0000 0.0000 0.0000 0.0000 0.0000 0.0000 0.0000 0.0000 0.0000 0.0000 0.0000 0.0000 0.0000 0.0000 0.0000 0.0000 0.0000 0.0132 1.0000 0.0000 0.0000 1.0000 0.0000 1.0000 0.0000 0.0000 1.0000 1.0000 0.3333 0.8889 1.0000 0.0000 0.0000 0.0000 1.0000 1.0000
0.3080 0.0000 0.0000 0.0000 0.0000 0.0000 0.0000 0.0000 0.0000 0.0000 0.0000 0.0000 0.0000 0.0000 0.0000 0.0000 0.0000 0.0000 0.0000 0.0132 1.0000 0.0000 0.0000 1.0000 0.0000 1.0000 0.0000 0.0000 1.0000 1.0000 0.3333 0.8056 1.0000 0.0000 0.0000 0.0000 1.0000 1.0000
0.1031 0.0000 0.0000 0.0000 0.0000 0.0000 0.0000 0.0000 0.0000 0.0000 0.0000 0.0000 0.0000 0.0000 0.0000 0.0000 0.0000 0.0000 0.0000 0.0132 1.0000 0.0000 0.0000 1.0000 0.0000 1.0000 0.0000 0.0000 1.0000 1.0000 0.3333 0.8889 1.0000 0.0000 0.0000 0.0000 1.0000 1.0000
0.8592 0.0000 0.0000 0.0000 0.0000 0.0000 0.0000 0.0000 0.0000 0.0000 0.0000 0.0000 0.0000 0.0000 0.0000 0.0000 0.0000 0.0000 0.0000 0.0132 1.0000 0.0000 0.0000 1.0000 0.0000 1.0000 0.0000 0.0000 1.0000 1.0000 0.3333 0.5556 1.0000 0.0000 0.0000 0.0000 1.0000 1.0000
0.9062 0.0000 0.0000 0.0000 0.0000 0.0000 0.0000 0.0000 0.0000 0.0000 0.0000 0.0000 0.0000 0.0000 0.0000 0.0000 0.0000 0.0000 0.0000 0.0132 1.0000 0.0000 0.0000 1.0000 0.0000 1.0000 0.0000 0.0000 1.0000 1.0000 0.3333 0.5694 1.0000 0.0000 0.0000 0.0000 1.0000 1.0000
0.9907 0.0000 0.0000 0.0000 0.0000 0.0000 0.0000 0.0000 0.0000 0.0000 0.0000 0.0000 0.0000 0.0000 0.0000 0.0000 0.0000 0.0000 0.0000 0.0132 1.0000 0.0000 0.0000 1.0000 0.0000 1.0000 0.0000 0.0000 0.5537 1.0000 0.3333 0.0833 0.3200 0.0000 0.0000 0.0000 0.2609 1.0000
0.3925 0.0000 0.0000 0.0000 0.0000 0.0000 0.0000 0.0000 0.0000 0.0000 0.0000 0.0000 0.0000 0.0000 0.0000 0.0000 0.0000 0.0000 0.0000 0.0132 1.0000 0.0000 0.0000 1.0000 0.0000 1.0000 0.0000 0.0000 1.0000 1.0000 0.3333 0.7639 1.0000 0.0000 0.0000 0.0000 1.0000 1.0000
0.9216 0.0000 0.0000 0.0000 0.0000 0.0000 0.0000 0.0000 0.0000 0.0000 0.0000 0.0000 0.0000 0.0000 0.0000 0.0000 0.0000 0.0000 0.0000 0.0132 1.0000 0.0000 0.0000 1.0000 0.0000 1.0000 0.0000 0.0000 1.0000 1.0000 0.3333 0.5694 1.0000 0.0000 0.0000 0.0000 1.0000 1.0000
0.8830 0.0000 0.0000 0.0000 0.0000 0.0000 0.0000 0.0000 0.0000 0.0000 0.0000 0.0000 0.0000 0.0000 0.0000 0.0000 0.0000 0.0000 0.0000 0.0132 1.0000 0.0000 0.0000 1.0000 0.0000 1.0000 0.0000 0.0000 1.0000 1.0000 0.3333 0.5556 1.0000 0.0000 0.0000 0.0000 1.0000 1.0000
0.4341 0.0000 0.0000 0.0000 0.0000 0.0000 0.0000 0.0000 0.0000 0.0000 0.0000 0.0000 0.0000 0.0000 0.0000 0.0000 0.0000 0.0000 0.0000 0.0132 1.0000 0.0000 0.0000 1.0000 0.0000 1.0000 0.0000 0.0000 1.0000 1.0000 0.3333 0.8750 1.0000 0.0000 0.0000 0.0000 1.0000 1.0000
0.2033 0.0000 0.0000 0.0000 0.0000 0.0000 0.0000 0.0000 0.0000 0.0000 0.0000 0.0000 0.0000 0.0000 0.0000 0.0000 0.0000 0.0000 0.0000 0.0132 1.0000 0.0000 0.0000 1.0000 0.0000 1.0000 0.0000 0.0000 1.0000 1.0000 0.3333 0.8472 1.0000 0.0000 0.0000 0.0000 1.0000 1.0000
0.2994 0.0000 0.0000 0.0000 0.0000 0.0000 0.0000 0.0000 0.0000 0.0000 0.0000 0.0000 0.0000 0.0000 0.0000 0.0000 0.0000 0.0000 0.0000 0.0132 1.0000 0.0000 0.0000 1.0000 0.0000 1.0000 0.0000 0.0000 1.0000 1.0000 0.3333 0.7778 1.0000 0.0000 0.0000 0.0000 1.0000 1.0000
0.5287 0.0000 0.0000 0.0000 0.0000 0.0000 0.0000 0.0000 0.0000 0.0000 0.0000 0.0000 0.0000 0.0000 0.0000 0.0000 0.0000 0.0000 0.0000 0.0132 1.0000 0.0000 0.0000 1.0000 0.0000 1.0000 0.0000 0.0000 1.0000 1.0000 0.3333 0.8750 1.0000 0.0000 0.0000 0.0000 1.0000 1.0000
0.9100 0.0000 0.0000 0.0000 0.0000 0.0000 0.0000 0.0000 0.0000 0.0000 0.0000 0.0000 0.0000 0.0000 0.0000 0.0000 0.0000 0.0000 0.0000 0.0132 1.0000 0.0000 0.0000 1.0000 0.0000 1.0000 0.0000 0.0000 1.0000 1.0000 0.3333 0.5694 1.0000 0.0000 0.0000 0.0000 1.0000 1.0000
0.8613 0.0000 0.0000 0.0000 0.0000 0.0000 0.0000 0.0000 0.0000 0.0000 0.0000 0.0000 0.0000 0.0000 0.0000 0.0000 0.0000 0.0000 0.0000 0.0132 1.0000 0.0000 0.0000 1.0000 0.0000 1.0000 0.0000 0.0000 1.0000 1.0000 0.3333 0.5556 1.0000 0.0000 0.0000 0.0000 1.0000 1.0000
0.6074 0.0000 0.0000 0.0000 0.0000 0.0000 0.0000 0.0000 0.0000 0.0000 0.0000 0.0000 0.0000 0.0000 0.0000 0.0000 0.0000 0.0000 0.0000 0.0132 1.0000 0.0000 0.0000 1.0000 0.0000 1.0000 0.0000 0.0000 1.0000 1.0000 0.3333 0.8056 1.0000 0.0000 0.0000 0.0000 1.0000 1.0000
0.1162 0.0000 0.0000 0.0000 0.0000 0.0000 0.0000 0.0000 0.0000 0.0000 0.0000 0.0000 0.0000 0.0000 0.0000 0.0000 0.0000 0.0000 0.0000 0.0132 1.0000 0.0000 0.0000 1.0000 0.0000 1.0000 0.0000 0.0000 1.0000 1.0000 0.3333 0.8889 1.0000 0.0000 0.0000 0.0000 1.0000 1.0000
0.1106 0.0000 0.0000 0.0000 0.0000 0.0000 0.0000 0.0000 0.0000 0.0000 0.0000 0.0000 0.0000 0.0000 0.0000 0.0000 0.0000 0.0000 0.0000 0.0132 1.0000 0.0000 0.0000 1.0000 0.0000 1.0000 0.0000 0.0000 1.0000 1.0000 0.3333 0.8889 1.0000 0.0000 0.0000 0.0000 1.0000 1.0000
0.2297 0.0000 0.0000 0.0000 0.0000 0.0000 0.0000 0.0000 0.0000 0.0000 0.0000 0.0000 0.0000 0.0000 0.0000 0.0000 0.0000 0.0000 0.0000 0.0132 1.0000 0.0000 0.0000 1.0000 0.0000 1.0000 0.0000 0.0000 1.0000 1.0000 0.3333 0.8889 1.0000 0.0000 0.0000 0.0000 1.0000 1.0000
0.3366 0.0000 0.0000 0.0000 0.0000 0.0000 0.0000 0.0000 0.0000 0.0000 0.0000 0.0000 0.0000 0.0000 0.0000 0.0000 0.0000 0.0000 0.0000 0.0132 1.0000 0.0000 0.0000 1.0000 0.0000 1.0000 0.0000 0.0000 1.0000 1.0000 0.3333 0.8056 1.0000 0.0000 0.0000 0.0000 1.0000 1.0000
0.9446 0.0000 0.0000 0.0000 0.0000 0.0000 0.0000 0.0000 0.0000 0.0000 0.0000 0.0000 0.0000 0.0000 0.0000 0.0000 0.0000 0.0000 0.0000 0.0132 1.0000 0.0000 0.0000 1.0000 0.0000 1.0000 0.0000 0.0000 1.0000 1.0000 0.3333 0.4722 0.8700 0.0000 0.0000 0.0000 0.8587 1.0000
0.6428 0.0000 0.0000 0.0000 0.0000 0.0000 0.0000 0.0000 0.0000 0.0000 0.0000 0.0000 0.0000 0.0000 0.0000 0.0000 0.0000 0.0000 0.0000 0.0132 1.0000 0.0000 0.0000 1.0000 0.0000 1.0000 0.0000 0.0000 1.0000 1.0000 0.3333 0.8889 1.0000 0.0000 0.0000 0.0000 1.0000 1.0000
0.8998 0.0000 0.0000 0.0000 0.0000 0.0000 0.0000 0.0000 0.0000 0.0000 0.0000 0.0000 0.0000 0.0000 0.0000 0.0000 0.0000 0.0000 0.0000 0.0132 1.0000 0.0000 0.0000 1.0000 0.0000 1.0000 0.0000 0.0000 1.0000 1.0000 0.3333 0.5694 1.0000 0.0000 0.0000 0.0000 1.0000 1.0000
0.9683 0.0000 0.0000 0.0000 0.0000 0.0000 0.0000 0.0000 0.0000 0.0000 0.0000 0.0000 0.0000 0.0000 0.0000 0.0000 0.0000 0.0000 0.0000 0.0132 1.0000 0.0000 0.0000 1.0000 0.0000 1.0000 0.0000 0.0000 1.0000 1.0000 0.3333 0.2500 0.5500 0.0000 0.0000 0.0000 0.5109 1.0000
0.9662 0.0000 0.0000 0.0000 0.0000 0.0000 0.0000 0.0000 0.0000 0.0000 0.0000 0.0000 0.0000 0.0000 0.0000 0.0000 0.0000 0.0000 0.0000 0.0132 1.0000 0.0000 0.0000 1.0000 0.0000 1.0000 0.0000 0.0000 1.0000 1.0000 0.3333 0.2639 0.5700 0.0000 0.0000 0.0000 0.5326 1.0000
0.7403 0.0000 0.0000 0.0000 0.0000 0.0000 0.0000 0.0000 0.0000 0.0000 0.0000 0.0000 0.0000 0.0000 0.0000 0.0000 0.0000 0.0000 0.0000 0.0132 1.0000 0.0000 0.0000 1.0000 0.0000 1.0000 0.0000 0.0000 1.0000 1.0000 0.3333 1.0000 1.0000 0.0000 0.0000 0.0000 1.0000 1.0000
0.9003 0.0000 0.0000 0.0000 0.0000 0.0000 0.0000 0.0000 0.0000 0.0000 0.0000 0.0000 0.0000 0.0000 0.0000 0.0000 0.0000 0.0000 0.0000 0.0132 1.0000 0.0000 0.0000 1.0000 0.0000 1.0000 0.0000 0.0000 1.0000 1.0000 0.3333 0.5694 1.0000 0.0000 0.0000 0.0000 1.0000 1.0000
0.8654 0.0000 0.0000 0.0000 0.0000 0.0000 0.0000 0.0000 0.0000 0.0000 0.0000 0.0000 0.0000 0.0000 0.0000 0.0000 0.0000 0.0000 0.0000 0.0132 1.0000 0.0000 0.0000 1.0000 0.0000 1.0000 0.0000 0.0000 1.0000 1.0000 0.3333 0.5556 1.0000 0.0000 0.0000 0.0000 1.0000 1.0000
0.7461 0.0000 0.0000 0.0000 0.0000 0.0000 0.0000 0.0000 0.0000 0.0000 0.0000 0.0000 0.0000 0.0000 0.0000 0.0000 0.0000 0.0000 0.0000 0.0132 1.0000 0.0000 0.0000 1.0000 0.0000 1.0000 0.0000 0.0000 1.0000 1.0000 0.3333 1.0000 1.0000 0.0000 0.0000 0.0000 1.0000 1.0000
0.4168 0.0000 0.0000 0.0000 0.0000 0.0000 0.0000 0.0000 0.0000 0.0000 0.0000 0.0000 0.0000 0.0000 0.0000 0.0000 0.0000 0.0000 0.0000 0.0132 1.0000 0.0000 0.0000 1.0000 0.0000 1.0000 0.0000 0.0000 1.0000 1.0000 0.3333 0.8750 1.0000 0.0000 0.0000 0.0000 1.0000 1.0000
0.3119 0.0000 0.0000 0.0000 0.0000 0.0000 0.0000 0.0000 0.0000 0.0000 0.0000 0.0000 0.0000 0.0000 0.0000 0.0000 0.0000 0.0000 0.0000 0.0132 1.0000 0.0000 0.0000 1.0000 0.0000 1.0000 0.0000 0.0000 1.0000 1.0000 0.3333 0.8056 1.0000 0.0000 0.0000 0.0000 1.0000 1.0000
0.8790 0.0000 0.0000 0.0000 0.0000 0.0000 0.0000 0.0000 0.0000 0.0000 0.0000 0.0000 0.0000 0.0000 0.0000 0.0000 0.0000 0.0000 0.0000 0.0132 1.0000 0.0000 0.0000 1.0000 0.0000 1.0000 0.0000 0.0000 1.0000 1.0000 0.3333 0.5556 1.0000 0.0000 0.0000 0.0000 1.0000 1.0000
0.8540 0.0000 0.0000 0.0000 0.0000 0.0000 0.0000 0.0000 0.0000 0.0000 0.0000 0.0000 0.0000 0.0000 0.0000 0.0000 0.0000 0.0000 0.0000 0.0132 1.0000 0.0000 0.0000 1.0000 0.0000 1.0000 0.0000 0.0000 1.0000 1.0000 0.3333 0.5556 1.0000 0.0000 0.0000 0.0000 1.0000 1.0000
0.0299 0.0000 0.0000 0.0000 0.0000 0.0000 0.0000 0.0000 0.0000 0.0000 0.0000 0.0000 0.0000 0.0000 0.0000 0.0000 0.0000 0.0000 0.0000 0.0132 1.0000 0.0000 0.0000 1.0000 0.0000 1.0000 0.0000 0.0000 1.0000 1.0000 0.3333 0.8611 1.0000 0.0000 0.0000 0.0000 1.0000 1.0000
0.2368 0.0000 0.0000 0.0000 0.0000 0.0000 0.0000 0.0000 0.0000 0.0000 0.0000 0.0000 0.0000 0.0000 0.0000 0.0000 0.0000 0.0000 0.0000 0.0132 1.0000 0.0000 0.0000 1.0000 0.0000 1.0000 0.0000 0.0000 1.0000 1.0000 0.3333 0.8750 1.0000 0.0000 0.0000 0.0000 1.0000 1.0000
0.3976 0.0000 0.0000 0.0000 0.0000 0.0000 0.0000 0.0000 0.0000 0.0000 0.0000 0.0000 0.0000 0.0000 0.0000 0.0000 0.0000 0.0000 0.0000 0.0132 1.0000 0.0000 0.0000 1.0000 0.0000 1.0000 0.0000 0.0000 1.0000 1.0000 0.3333 0.8194 1.0000 0.0000 0.0000 0.0000 1.0000 1.0000
0.7083 0.0000 0.0000 0.0000 0.0000 0.0000 0.0000 0.0000 0.0000 0.0000 0.0000 0.0000 0.0000 0.0000 0.0000 0.0000 0.0000 0.0000 0.0000 0.0132 1.0000 0.0000 0.0000 1.0000 0.0000 1.0000 0.0000 0.0000 1.0000 1.0000 0.3333 0.7500 1.0000 0.0000 0.0000 0.0000 1.0000 1.0000
0.5102 0.0000 0.0000 0.0000 0.0000 0.0000 0.0000 0.0000 0.0000 0.0000 0.0000 0.0000 0.0000 0.0000 0.0000 0.0000 0.0000 0.0000 0.0000 0.0132 1.0000 0.0000 0.0000 1.0000 0.0000 1.0000 0.0000 0.0000 1.0000 1.0000 0.3333 0.8750 1.0000 0.0000 0.0000 0.0000 1.0000 1.0000
0.1035 0.0000 0.0000 0.0000 0.0000 0.0000 0.0000 0.0000 0.0000 0.0000 0.0000 0.0000 0.0000 0.0000 0.0000 0.0000 0.0000 0.0000 0.0000 0.0132 1.0000 0.0000 0.0000 1.0000 0.0000 1.0000 0.0000 0.0000 1.0000 1.0000 0.3333 0.8889 1.0000 0.0000 0.0000 0.0000 1.0000 1.0000
0.6386 0.0000 0.0000 0.0000 0.0000 0.0000 0.0000 0.0000 0.0000 0.0000 0.0000 0.0000 0.0000 0.0000 0.0000 0.0000 0.0000 0.0000 0.0000 0.0132 1.0000 0.0000 0.0000 1.0000 0.0000 1.0000 0.0000 0.0000 1.0000 1.0000 0.3333 0.8889 1.0000 0.0000 0.0000 0.0000 1.0000 1.0000
0.2216 0.0000 0.0000 0.0000 0.0000 0.0000 0.0000 0.0000 0.0000 0.0000 0.0000 0.0000 0.0000 0.0000 0.0000 0.0000 0.0000 0.0000 0.0000 0.0132 1.0000 0.0000 0.0000 1.0000 0.0000 1.0000 0.0000 0.0000 1.0000 1.0000 0.3333 0.8889 1.0000 0.0000 0.0000 0.0000 1.0000 1.0000
0.5959 0.0000 0.0000 0.0000 0.0000 0.0000 0.0000 0.0000 0.0000 0.0000 0.0000 0.0000 0.0000 0.0000 0.0000 0.0000 0.0000 0.0000 0.0000 0.0000 0.0000 0.0000 0.0000 1.0000 0.0000 1.0000 0.0000 0.0000 1.0000 0.0000 0.0000 0.7222 1.0000 0.0000 0.0000 0.0000 1.0000 1.0000
1.0000 0.0000 0.0000 0.0000 0.0000 0.0000 0.0000 0.0000 0.0000 0.0000 0.0000 0.0000 0.0000 0.0000 0.0000 0.0000 0.0000 0.0000 0.0000 0.0132 1.0000 0.0000 0.0000 1.0000 0.0000 1.0000 0.0000 0.0000 0.3616 1.0000 0.3333 0.0000 0.1500 0.0000 0.0000 0.0000 0.0761 1.0000
0.1326 0.0000 0.0000 0.0000 0.0000 0.0000 0.0000 0.0000 0.0000 0.0000 0.0000 0.0000 0.0000 0.0000 0.0000 0.0000 0.0000 0.0000 0.0000 0.0132 1.0000 0.0000 0.0000 1.0000 0.0000 1.0000 0.0000 0.0000 1.0000 1.0000 0.3333 0.8750 1.0000 0.0000 0.0000 0.0000 1.0000 1.0000
0.7438 0.0000 0.0000 0.0000 0.0000 0.0000 0.0000 0.0000 0.0000 0.0000 0.0000 0.0000 0.0000 0.0000 0.0000 0.0000 0.0000 0.0000 0.0000 0.0132 1.0000 0.0000 0.0000 1.0000 0.0000 1.0000 0.0000 0.0000 1.0000 1.0000 0.3333 1.0000 1.0000 0.0000 0.0000 0.0000 1.0000 1.0000
0.1267 0.0000 0.0000 0.0000 0.0000 0.0000 0.0000 0.0000 0.0000 0.0000 0.0000 0.0000 0.0000 0.0000 0.0000 0.0000 0.0000 0.0000 0.0000 0.0132 1.0000 0.0000 0.0000 1.0000 0.0000 1.0000 0.0000 0.0000 1.0000 1.0000 0.3333 0.8889 1.0000 0.0000 0.0000 0.0000 1.0000 1.0000
0.9476 0.0000 0.0000 0.0000 0.0000 0.0000 0.0000 0.0000 0.0000 0.0000 0.0000 0.0000 0.0000 0.0000 0.0000 0.0000 0.0000 0.0000 0.0000 0.0132 1.0000 0.0000 0.0000 1.0000 0.0000 1.0000 0.0000 0.0000 1.0000 1.0000 0.3333 0.4444 0.8300 0.0000 0.0000 0.0000 0.8152 1.0000
0.2061 0.0000 0.0000 0.0000 0.0000 0.0000 0.0000 0.0000 0.0000 0.0000 0.0000 0.0000 0.0000 0.0000 0.0000 0.0000 0.0000 0.0000 0.0000 0.0132 1.0000 0.0000 0.0000 1.0000 0.0000 1.0000 0.0000 0.0000 1.0000 1.0000 0.3333 0.8889 1.0000 0.0000 0.0000 0.0000 1.0000 1.0000
0.6116 0.0000 0.0000 0.0000 0.0000 0.0000 0.0000 0.0000 0.0000 0.0000 0.0000 0.0000 0.0000 0.0000 0.0000 0.0000 0.0000 0.0000 0.0000 0.0132 1.0000 0.0000 0.0000 1.0000 0.0000 1.0000 0.0000 0.0000 1.0000 1.0000 0.3333 0.8611 1.0000 0.0000 0.0000 0.0000 1.0000 1.0000
0.9851 0.0000 0.0000 0.0000 0.0000 0.0000 0.0000 0.0000 0.0000 0.0000 0.0000 0.0000 0.0000 0.0000 0.0000 0.0000 0.0000 0.0000 0.0000 0.0132 1.0000 0.0000 0.0000 1.0000 0.0000 1.0000 0.0000 0.0000 0.6667 1.0000 0.3333 0.1389 0.3900 0.0000 0.0000 0.0000 0.3370 1.0000
0.9261 0.0000 0.0000 0.0000 0.0000 0.0000 0.0000 0.0000 0.0000 0.0000 0.0000 0.0000 0.0000 0.0000 0.0000 0.0000 0.0000 0.0000 0.0000 0.0132 1.0000 0.0000 0.0000 1.0000 0.0000 1.0000 0.0000 0.0000 1.0000 1.0000 0.3333 0.5556 1.0000 0.0000 0.0000 0.0000 1.0000 1.0000
0.9566 0.0000 0.0000 0.0000 0.0000 0.0000 0.0000 0.0000 0.0000 0.0000 0.0000 0.0000 0.0000 0.0000 0.0000 0.0000 0.0000 0.0000 0.0000 0.0132 1.0000 0.0000 0.0000 1.0000 0.0000 1.0000 0.0000 0.0000 1.0000 1.0000 0.3333 0.3611 0.7000 0.0000 0.0000 0.0000 0.6739 1.0000
0.7479 0.0000 0.0000 0.0000 0.0000 0.0000 0.0000 0.0000 0.0000 0.0000 0.0000 0.0000 0.0000 0.0000 0.0000 0.0000 0.0000 0.0000 0.0000 0.0132 1.0000 0.0000 0.0000 1.0000 0.0000 1.0000 0.0000 0.0000 1.0000 1.0000 0.3333 1.0000 1.0000 0.0000 0.0000 0.0000 1.0000 1.0000
0.8982 0.0000 0.0000 0.0000 0.0000 0.0000 0.0000 0.0000 0.0000 0.0000 0.0000 0.0000 0.0000 0.0000 0.0000 0.0000 0.0000 0.0000 0.0000 0.0132 1.0000 0.0000 0.0000 1.0000 0.0000 1.0000 0.0000 0.0000 1.0000 1.0000 0.3333 0.5694 1.0000 0.0000 0.0000 0.0000 1.0000 1.0000
0.9167 0.0000 0.0000 0.0000 0.0000 0.0000 0.0000 0.0000 0.0000 0.0000 0.0000 0.0000 0.0000 0.0000 0.0000 0.0000 0.0000 0.0000 0.0000 0.0132 1.0000 0.0000 0.0000 1.0000 0.0000 1.0000 0.0000 0.0000 1.0000 1.0000 0.3333 0.5694 1.0000 0.0000 0.0000 0.0000 1.0000 1.0000
0.9738 0.0000 0.0000 0.0000 0.0000 0.0000 0.0000 0.0000 0.0000 0.0000 0.0000 0.0000 0.0000 0.0000 0.0000 0.0000 0.0000 0.0000 0.0000 0.0132 1.0000 0.0000 0.0000 1.0000 0.0000 1.0000 0.0000 0.0000 0.9153 1.0000 0.3333 0.2083 0.5000 0.0000 0.0000 0.0000 0.4565 1.0000
0.6325 0.0000 0.0000 0.0000 0.0000 0.0000 0.0000 0.0000 0.0000 0.0000 0.0000 0.0000 0.0000 0.0000 0.0000 0.0000 0.0000 0.0000 0.0000 0.0132 1.0000 0.0000 0.0000 1.0000 0.0000 1.0000 0.0000 0.0000 1.0000 1.0000 0.3333 0.8889 1.0000 0.0000 0.0000 0.0000 1.0000 1.0000
0.3281 0.0000 0.0000 0.0000 0.0000 0.0000 0.0000 0.0000 0.0000 0.0000 0.0000 0.0000 0.0000 0.0000 0.0000 0.0000 0.0000 0.0000 0.0000 0.0132 1.0000 0.0000 0.0000 1.0000 0.0000 1.0000 0.0000 0.0000 1.0000 1.0000 0.3333 0.8056 1.0000 0.0000 0.0000 0.0000 1.0000 1.0000
0.8872 0.0000 0.0000 0.0000 0.0000 0.0000 0.0000 0.0000 0.0000 0.0000 0.0000 0.0000 0.0000 0.0000 0.0000 0.0000 0.0000 0.0000 0.0000 0.0132 1.0000 0.0000 0.0000 1.0000 0.0000 1.0000 0.0000 0.0000 1.0000 1.0000 0.3333 0.5556 1.0000 0.0000 0.0000 0.0000 1.0000 1.0000
0.7366 0.0000 0.0000 0.0000 0.0000 0.0000 0.0000 0.0000 0.0000 0.0000 0.0000 0.0000 0.0000 0.0000 0.0000 0.0000 0.0000 0.0000 0.0000 0.0132 1.0000 0.0000 0.0000 1.0000 0.0000 1.0000 0.0000 0.0000 1.0000 1.0000 0.3333 1.0000 1.0000 0.0000 0.0000 0.0000 1.0000 1.0000
0.6025 0.0000 0.0000 0.0000 0.0000 0.0000 0.0000 0.0000 0.0000 0.0000 0.0000 0.0000 0.0000 0.0000 0.0000 0.0000 0.0000 0.0000 0.0000 0.0132 1.0000 0.0000 0.0000 1.0000 0.0000 1.0000 0.0000 0.0000 1.0000 1.0000 0.3333 0.7639 1.0000 0.0000 0.0000 0.0000 1.0000 1.0000
0.1879 0.0000 0.0000 0.0000 0.0000 0.0000 0.0000 0.0000 0.0000 0.0000 0.0000 0.0000 0.0000 0.0000 0.0000 0.0000 0.0000 0.0000 0.0000 0.0132 1.0000 0.0000 0.0000 1.0000 0.0000 1.0000 0.0000 0.0000 1.0000 1.0000 0.3333 0.7222 1.0000 0.0000 0.0000 0.0000 1.0000 1.0000
0.3880 0.0000 0.0000 0.0000 0.0000 0.0000 0.0000 0.0000 0.0000 0.0000 0.0000 0.0000 0.0000 0.0000 0.0000 0.0000 0.0000 0.0000 0.0000 0.0132 1.0000 0.0000 0.0000 1.0000 0.0000 1.0000 0.0000 0.0000 1.0000 1.0000 0.3333 0.7361 1.0000 0.0000 0.0000 0.0000 1.0000 1.0000
0.2283 0.0000 0.0000 0.0000 0.0000 0.0000 0.0000 0.0000 0.0000 0.0000 0.0000 0.0000 0.0000 0.0000 0.0000 0.0000 0.0000 0.0000 0.0000 0.0132 1.0000 0.0000 0.0000 1.0000 0.0000 1.0000 0.0000 0.0000 1.0000 1.0000 0.3333 0.8889 1.0000 0.0000 0.0000 0.0000 1.0000 1.0000
0.7111 0.0000 0.0000 0.0000 0.0000 0.0000 0.0000 0.0000 0.0000 0.0000 0.0000 0.0000 0.0000 0.0000 0.0000 0.0000 0.0000 0.0000 0.0000 0.0132 1.0000 0.0000 0.0000 1.0000 0.0000 1.0000 0.0000 0.0000 1.0000 1.0000 0.3333 0.7778 1.0000 0.0000 0.0000 0.0000 1.0000 1.0000
0.7295 0.0000 0.0000 0.0000 0.0000 0.0000 0.0000 0.0000 0.0000 0.0000 0.0000 0.0000 0.0000 0.0000 0.0000 0.0000 0.0000 0.0000 0.0000 0.0132 1.0000 0.0000 0.0000 1.0000 0.0000 1.0000 0.0000 0.0000 1.0000 1.0000 0.3333 0.9583 1.0000 0.0000 0.0000 0.0000 1.0000 1.0000
0.9383 0.0000 0.0000 0.0000 0.0000 0.0000 0.0000 0.0000 0.0000 0.0000 0.0000 0.0000 0.0000 0.0000 0.0000 0.0000 0.0000 0.0000 0.0000 0.0132 1.0000 0.0000 0.0000 1.0000 0.0000 1.0000 0.0000 0.0000 1.0000 1.0000 0.3333 0.5417 0.9700 0.0000 0.0000 0.0000 0.9674 1.0000
0.5236 0.0000 0.0000 0.0000 0.0000 0.0000 0.0000 0.0000 0.0000 0.0000 0.0000 0.0000 0.0000 0.0000 0.0000 0.0000 0.0000 0.0000 0.0000 0.0132 1.0000 0.0000 0.0000 1.0000 0.0000 1.0000 0.0000 0.0000 1.0000 1.0000 0.3333 0.8750 1.0000 0.0000 0.0000 0.0000 1.0000 1.0000
0.4975 0.0000 0.0000 0.0000 0.0000 0.0000 0.0000 0.0000 0.0000 0.0000 0.0000 0.0000 0.0000 0.0000 0.0000 0.0000 0.0000 0.0000 0.0000 0.0132 1.0000 0.0000 0.0000 1.0000 0.0000 1.0000 0.0000 0.0000 1.0000 1.0000 0.3333 0.7639 1.0000 0.0000 0.0000 0.0000 1.0000 1.0000
0.4928 0.0000 0.0000 0.0000 0.0000 0.0000 0.0000 0.0000 0.0000 0.0000 0.0000 0.0000 0.0000 0.0000 0.0000 0.0000 0.0000 0.0000 0.0000 0.0132 1.0000 0.0000 0.0000 1.0000 0.0000 1.0000 0.0000 0.0000 1.0000 1.0000 0.3333 0.7361 1.0000 0.0000 0.0000 0.0000 1.0000 1.0000
0.0967 0.0000 0.0000 0.0000 0.0000 0.0000 0.0000 0.0000 0.0000 0.0000 0.0000 0.0000 0.0000 0.0000 0.0000 0.0000 0.0000 0.0000 0.0000 0.0132 1.0000 0.0000 0.0000 1.0000 0.0000 1.0000 0.0000 0.0000 1.0000 1.0000 0.3333 0.8611 1.0000 0.0000 0.0000 0.0000 1.0000 1.0000
0.2038 0.0000 0.0000 0.0000 0.0000 0.0000 0.0000 0.0000 0.0000 0.0000 0.0000 0.0000 0.0000 0.0000 0.0000 0.0000 0.0000 0.0000 0.0000 0.0132 1.0000 0.0000 0.0000 1.0000 0.0000 1.0000 0.0000 0.0000 1.0000 1.0000 0.3333 0.8611 1.0000 0.0000 0.0000 0.0000 1.0000 1.0000
0.9743 0.0000 0.0000 0.0000 0.0000 0.0000 0.0000 0.0000 0.0000 0.0000 0.0000 0.0000 0.0000 0.0000 0.0000 0.0000 0.0000 0.0000 0.0000 0.0132 1.0000 0.0000 0.0000 1.0000 0.0000 1.0000 0.0000 0.0000 0.9040 1.0000 0.3333 0.2083 0.5000 0.0000 0.0000 0.0000 0.4565 1.0000
0.8953 0.0000 0.0000 0.0000 0.0000 0.0000 0.0000 0.0000 0.0000 0.0000 0.0000 0.0000 0.0000 0.0000 0.0000 0.0000 0.0000 0.0000 0.0000 0.0132 1.0000 0.0000 0.0000 1.0000 0.0000 1.0000 0.0000 0.0000 1.0000 1.0000 0.3333 0.5694 1.0000 0.0000 0.0000 0.0000 1.0000 1.0000
0.9995 0.0000 0.0000 0.0000 0.0000 0.0000 0.0000 0.0000 0.0000 0.0000 0.0000 0.0000 0.0000 0.0000 0.0000 0.0000 0.0000 0.0000 0.0000 0.0132 1.0000 0.0000 0.0000 1.0000 0.0000 1.0000 0.0000 0.0000 0.3729 1.0000 0.3333 0.0000 0.1700 0.0000 0.0000 0.0000 0.0978 1.0000
0.9956 0.0000 0.0000 0.0000 0.0000 0.0000 0.0000 0.0000 0.0000 0.0000 0.0000 0.0000 0.0000 0.0000 0.0000 0.0000 0.0000 0.0000 0.0000 0.0132 1.0000 0.0000 0.0000 1.0000 0.0000 1.0000 0.0000 0.0000 0.4520 1.0000 0.3333 0.0556 0.2400 0.0000 0.0000 0.0000 0.1739 1.0000
0.9723 0.0000 0.0000 0.0000 0.0000 0.0000 0.0000 0.0000 0.0000 0.0000 0.0000 0.0000 0.0000 0.0000 0.0000 0.0000 0.0000 0.0000 0.0000 0.0132 1.0000 0.0000 0.0000 1.0000 0.0000 1.0000 0.0000 0.0000 0.9492 1.0000 0.3333 0.2222 0.5100 0.0000 0.0000 0.0000 0.4674 1.0000
0.6293 0.0000 0.0000 0.0000 0.0000 0.0000 0.0000 0.0000 0.0000 0.0000 0.0000 0.0000 0.0000 0.0000 0.0000 0.0000 0.0000 0.0000 0.0000 0.0132 1.0000 0.0000 0.0000 1.0000 0.0000 1.0000 0.0000 0.0000 1.0000 1.0000 0.3333 0.8889 1.0000 0.0000 0.0000 0.0000 1.0000 1.0000
0.7457 0.0000 0.0000 0.0000 0.0000 0.0000 0.0000 0.0000 0.0000 0.0000 0.0000 0.0000 0.0000 0.0000 0.0000 0.0000 0.0000 0.0000 0.0000 0.0132 1.0000 0.0000 0.0000 1.0000 0.0000 1.0000 0.0000 0.0000 1.0000 1.0000 0.3333 1.0000 1.0000 0.0000 0.0000 0.0000 1.0000 1.0000
0.4083 0.0000 0.0000 0.0000 0.0000 0.0000 0.0000 0.0000 0.0000 0.0000 0.0000 0.0000 0.0000 0.0000 0.0000 0.0000 0.0000 0.0000 0.0000 0.0132 1.0000 0.0000 0.0000 1.0000 0.0000 1.0000 0.0000 0.0000 1.0000 1.0000 0.3333 0.8750 1.0000 0.0000 0.0000 0.0000 1.0000 1.0000
0.6232 0.0000 0.0000 0.0000 0.0000 0.0000 0.0000 0.0000 0.0000 0.0000 0.0000 0.0000 0.0000 0.0000 0.0000 0.0000 0.0000 0.0000 0.0000 0.0132 1.0000 0.0000 0.0000 1.0000 0.0000 1.0000 0.0000 0.0000 1.0000 1.0000 0.3333 0.8889 1.0000 0.0000 0.0000 0.0000 1.0000 1.0000
0.4054 0.0000 0.0000 0.0000 0.0000 0.0000 0.0000 0.0000 0.0000 0.0000 0.0000 0.0000 0.0000 0.0000 0.0000 0.0000 0.0000 0.0000 0.0000 0.0132 1.0000 0.0000 0.0000 1.0000 0.0000 1.0000 0.0000 0.0000 1.0000 1.0000 0.3333 0.8750 1.0000 0.0000 0.0000 0.0000 1.0000 1.0000
0.9008 0.0000 0.0000 0.0000 0.0000 0.0000 0.0000 0.0000 0.0000 0.0000 0.0000 0.0000 0.0000 0.0000 0.0000 0.0000 0.0000 0.0000 0.0000 0.0132 1.0000 0.0000 0.0000 1.0000 0.0000 1.0000 0.0000 0.0000 1.0000 1.0000 0.3333 0.5694 1.0000 0.0000 0.0000 0.0000 1.0000 1.0000
0.5354 0.0000 0.0000 0.0000 0.0000 0.0000 0.0000 0.0000 0.0000 0.0000 0.0000 0.0000 0.0000 0.0000 0.0000 0.0000 0.0000 0.0000 0.0000 0.0132 1.0000 0.0000 0.0000 1.0000 0.0000 1.0000 0.0000 0.0000 1.0000 1.0000 0.3333 0.8750 1.0000 0.0000 0.0000 0.0000 1.0000 1.0000
0.4197 0.0000 0.0000 0.0000 0.0000 0.0000 0.0000 0.0000 0.0000 0.0000 0.0000 0.0000 0.0000 0.0000 0.0000 0.0000 0.0000 0.0000 0.0000 0.0132 1.0000 0.0000 0.0000 1.0000 0.0000 1.0000 0.0000 0.0000 1.0000 1.0000 0.3333 0.8750 1.0000 0.0000 0.0000 0.0000 1.0000 1.0000
0.9356 0.0000 0.0000 0.0000 0.0000 0.0000 0.0000 0.0000 0.0000 0.0000 0.0000 0.0000 0.0000 0.0000 0.0000 0.0000 0.0000 0.0000 0.0000 0.0132 1.0000 0.0000 0.0000 1.0000 0.0000 1.0000 0.0000 0.0000 1.0000 1.0000 0.3333 0.5556 1.0000 0.0000 0.0000 0.0000 1.0000 1.0000
0.3114 0.0000 0.0000 0.0000 0.0000 0.0000 0.0000 0.0000 0.0000 0.0000 0.0000 0.0000 0.0000 0.0000 0.0000 0.0000 0.0000 0.0000 0.0000 0.0000 0.0000 0.0000 0.0000 1.0000 0.0000 1.0000 0.0000 0.0000 1.0000 0.0000 0.0000 0.8194 1.0000 0.0000 0.0000 0.0000 1.0000 1.0000
0.6442 0.0000 0.0000 0.0000 0.0000 0.0000 0.0000 0.0000 0.0000 0.0000 0.0000 0.0000 0.0000 0.0000 0.0000 0.0000 0.0000 0.0000 0.0000 0.0132 1.0000 0.0000 0.0000 1.0000 0.0000 1.0000 0.0000 0.0000 1.0000 1.0000 0.3333 0.8889 1.0000 0.0000 0.0000 0.0000 1.0000 1.0000
0.9471 0.0000 0.0000 0.0000 0.0000 0.0000 0.0000 0.0000 0.0000 0.0000 0.0000 0.0000 0.0000 0.0000 0.0000 0.0000 0.0000 0.0000 0.0000 0.0132 1.0000 0.0000 0.0000 1.0000 0.0000 1.0000 0.0000 0.0000 1.0000 1.0000 0.3333 0.4444 0.8400 0.0000 0.0000 0.0000 0.8261 1.0000
0.2230 0.0000 0.0000 0.0000 0.0000 0.0000 0.0000 0.0000 0.0000 0.0000 0.0000 0.0000 0.0000 0.0000 0.0000 0.0000 0.0000 0.0000 0.0000 0.0132 1.0000 0.0000 0.0000 1.0000 0.0000 1.0000 0.0000 0.0000 1.0000 1.0000 0.3333 0.8889 1.0000 0.0000 0.0000 0.0000 1.0000 1.0000
0.8675 0.0000 0.0000 0.0000 0.0000 0.0000 0.0000 0.0000 0.0000 0.0000 0.0000 0.0000 0.0000 0.0000 0.0000 0.0000 0.0000 0.0000 0.0000 0.0132 1.0000 0.0000 0.0000 1.0000 0.0000 1.0000 0.0000 0.0000 1.0000 1.0000 0.3333 0.5556 1.0000 0.0000 0.0000 0.0000 1.0000 1.0000
0.9410 0.0000 0.0000 0.0000 0.0000 0.0000 0.0000 0.0000 0.0000 0.0000 0.0000 0.0000 0.0000 0.0000 0.0000 0.0000 0.0000 0.0000 0.0000 0.0132 1.0000 0.0000 0.0000 1.0000 0.0000 1.0000 0.0000 0.0000 1.0000 1.0000 0.3333 0.5139 0.9300 0.0000 0.0000 0.0000 0.9239 1.0000
0.7130 0.0000 0.0000 0.0000 0.0000 0.0000 0.0000 0.0000 0.0000 0.0000 0.0000 0.0000 0.0000 0.0000 0.0000 0.0000 0.0000 0.0000 0.0000 0.0132 1.0000 0.0000 0.0000 1.0000 0.0000 1.0000 0.0000 0.0000 1.0000 1.0000 0.3333 0.8056 1.0000 0.0000 0.0000 0.0000 1.0000 1.0000
0.6275 0.0000 0.0000 0.0000 0.0000 0.0000 0.0000 0.0000 0.0000 0.0000 0.0000 0.0000 0.0000 0.0000 0.0000 0.0000 0.0000 0.0000 0.0000 0.0132 1.0000 0.0000 0.0000 1.0000 0.0000 1.0000 0.0000 0.0000 1.0000 1.0000 0.3333 0.8889 1.0000 0.0000 0.0000 0.0000 1.0000 1.0000
0.3390 0.0000 0.0000 0.0000 0.0000 0.0000 0.0000 0.0000 0.0000 0.0000 0.0000 0.0000 0.0000 0.0000 0.0000 0.0000 0.0000 0.0000 0.0000 0.0132 1.0000 0.0000 0.0000 1.0000 0.0000 1.0000 0.0000 0.0000 1.0000 1.0000 0.3333 0.8056 1.0000 0.0000 0.0000 0.0000 1.0000 1.0000
0.2306 0.0000 0.0000 0.0000 0.0000 0.0000 0.0000 0.0000 0.0000 0.0000 0.0000 0.0000 0.0000 0.0000 0.0000 0.0000 0.0000 0.0000 0.0000 0.0132 1.0000 0.0000 0.0000 1.0000 0.0000 1.0000 0.0000 0.0000 1.0000 1.0000 0.3333 0.8889 1.0000 0.0000 0.0000 0.0000 1.0000 1.0000
0.1986 0.0000 0.0000 0.0000 0.0000 0.0000 0.0000 0.0000 0.0000 0.0000 0.0000 0.0000 0.0000 0.0000 0.0000 0.0000 0.0000 0.0000 0.0000 0.0132 1.0000 0.0000 0.0000 1.0000 0.0000 1.0000 0.0000 0.0000 1.0000 1.0000 0.3333 0.8056 1.0000 0.0000 0.0000 0.0000 1.0000 1.0000
0.2136 0.0000 0.0000 0.0000 0.0000 0.0000 0.0000 0.0000 0.0000 0.0000 0.0000 0.0000 0.0000 0.0000 0.0000 0.0000 0.0000 0.0000 0.0000 0.0132 1.0000 0.0000 0.0000 1.0000 0.0000 1.0000 0.0000 0.0000 1.0000 1.0000 0.3333 0.8889 1.0000 0.0000 0.0000 0.0000 1.0000 1.0000
0.7466 0.0000 0.0000 0.0000 0.0000 0.0000 0.0000 0.0000 0.0000 0.0000 0.0000 0.0000 0.0000 0.0000 0.0000 0.0000 0.0000 0.0000 0.0000 0.0132 1.0000 0.0000 0.0000 1.0000 0.0000 1.0000 0.0000 0.0000 1.0000 1.0000 0.3333 1.0000 1.0000 0.0000 0.0000 0.0000 1.0000 1.0000
0.4317 0.0000 0.0000 0.0000 0.0000 0.0000 0.0000 0.0000 0.0000 0.0000 0.0000 0.0000 0.0000 0.0000 0.0000 0.0000 0.0000 0.0000 0.0000 0.0132 1.0000 0.0000 0.0000 1.0000 0.0000 1.0000 0.0000 0.0000 1.0000 1.0000 0.3333 0.8750 1.0000 0.0000 0.0000 0.0000 1.0000 1.0000
0.5349 0.0000 0.0000 0.0000 0.0000 0.0000 0.0000 0.0000 0.0000 0.0000 0.0000 0.0000 0.0000 0.0000 0.0000 0.0000 0.0000 0.0000 0.0000 0.0132 1.0000 0.0000 0.0000 1.0000 0.0000 1.0000 0.0000 0.0000 1.0000 1.0000 0.3333 0.8750 1.0000 0.0000 0.0000 0.0000 1.0000 1.0000
0.8665 0.0000 0.0000 0.0000 0.0000 0.0000 0.0000 0.0000 0.0000 0.0000 0.0000 0.0000 0.0000 0.0000 0.0000 0.0000 0.0000 0.0000 0.0000 0.0132 1.0000 0.0000 0.0000 1.0000 0.0000 1.0000 0.0000 0.0000 1.0000 1.0000 0.3333 0.5556 1.0000 0.0000 0.0000 0.0000 1.0000 1.0000
0.0981 0.0000 0.0000 0.0000 0.0000 0.0000 0.0000 0.0000 0.0000 0.0000 0.0000 0.0000 0.0000 0.0000 0.0000 0.0000 0.0000 0.0000 0.0000 0.0132 1.0000 0.0000 0.0000 1.0000 0.0000 1.0000 0.0000 0.0000 1.0000 1.0000 0.3333 0.8750 1.0000 0.0000 0.0000 0.0000 1.0000 1.0000
0.4009 0.0000 0.0000 0.0000 0.0000 0.0000 0.0000 0.0000 0.0000 0.0000 0.0000 0.0000 0.0000 0.0000 0.0000 0.0000 0.0000 0.0000 0.0000 0.0132 1.0000 0.0000 0.0000 1.0000 0.0000 1.0000 0.0000 0.0000 1.0000 1.0000 0.3333 0.8611 1.0000 0.0000 0.0000 0.0000 1.0000 1.0000
0.5125 0.0000 0.0000 0.0000 0.0000 0.0000 0.0000 0.0000 0.0000 0.0000 0.0000 0.0000 0.0000 0.0000 0.0000 0.0000 0.0000 0.0000 0.0000 0.0132 1.0000 0.0000 0.0000 1.0000 0.0000 1.0000 0.0000 0.0000 1.0000 1.0000 0.3333 0.8750 1.0000 0.0000 0.0000 0.0000 1.0000 1.0000
0.7558 0.0000 0.0000 0.0000 0.0000 0.0000 0.0000 0.0000 0.0000 0.0000 0.0000 0.0000 0.0000 0.0000 0.0000 0.0000 0.0000 0.0000 0.0000 0.0132 1.0000 0.0000 0.0000 1.0000 0.0000 1.0000 0.0000 0.0000 1.0000 1.0000 0.3333 0.9861 1.0000 0.0000 0.0000 0.0000 1.0000 1.0000
0.6423 0.0000 0.0000 0.0000 0.0000 0.0000 0.0000 0.0000 0.0000 0.0000 0.0000 0.0000 0.0000 0.0000 0.0000 0.0000 0.0000 0.0000 0.0000 0.0132 1.0000 0.0000 0.0000 1.0000 0.0000 1.0000 0.0000 0.0000 1.0000 1.0000 0.3333 0.8889 1.0000 0.0000 0.0000 0.0000 1.0000 1.0000
0.4298 0.0000 0.0000 0.0000 0.0000 0.0000 0.0000 0.0000 0.0000 0.0000 0.0000 0.0000 0.0000 0.0000 0.0000 0.0000 0.0000 0.0000 0.0000 0.0132 1.0000 0.0000 0.0000 1.0000 0.0000 1.0000 0.0000 0.0000 1.0000 1.0000 0.3333 0.8750 1.0000 0.0000 0.0000 0.0000 1.0000 1.0000
0.7408 0.0000 0.0000 0.0000 0.0000 0.0000 0.0000 0.0000 0.0000 0.0000 0.0000 0.0000 0.0000 0.0000 0.0000 0.0000 0.0000 0.0000 0.0000 0.0132 1.0000 0.0000 0.0000 1.0000 0.0000 1.0000 0.0000 0.0000 1.0000 1.0000 0.3333 1.0000 1.0000 0.0000 0.0000 0.0000 1.0000 1.0000
0.4219 0.0000 0.0000 0.0000 0.0000 0.0000 0.0000 0.0000 0.0000 0.0000 0.0000 0.0000 0.0000 0.0000 0.0000 0.0000 0.0000 0.0000 0.0000 0.0132 1.0000 0.0000 0.0000 1.0000 0.0000 1.0000 0.0000 0.0000 1.0000 1.0000 0.3333 0.8750 1.0000 0.0000 0.0000 0.0000 1.0000 1.0000
0.3073 0.0000 0.0000 0.0000 0.0000 0.0000 0.0000 0.0000 0.0000 0.0000 0.0000 0.0000 0.0000 0.0000 0.0000 0.0000 0.0000 0.0000 0.0000 0.0132 1.0000 0.0000 0.0000 1.0000 0.0000 1.0000 0.0000 0.0000 1.0000 1.0000 0.3333 0.8056 1.0000 0.0000 0.0000 0.0000 1.0000 1.0000
0.1972 0.0000 0.0000 0.0000 0.0000 0.0000 0.0000 0.0000 0.0000 0.0000 0.0000 0.0000 0.0000 0.0000 0.0000 0.0000 0.0000 0.0000 0.0000 0.0132 1.0000 0.0000 0.0000 1.0000 0.0000 1.0000 0.0000 0.0000 1.0000 1.0000 0.3333 0.8056 1.0000 0.0000 0.0000 0.0000 1.0000 1.0000
0.6498 0.0000 0.0000 0.0000 0.0000 0.0000 0.0000 0.0000 0.0000 0.0000 0.0000 0.0000 0.0000 0.0000 0.0000 0.0000 0.0000 0.0000 0.0000 0.0132 1.0000 0.0000 0.0000 1.0000 0.0000 1.0000 0.0000 0.0000 1.0000 1.0000 0.3333 0.8750 1.0000 0.0000 0.0000 0.0000 1.0000 1.0000
0.1921 0.0000 0.0000 0.0000 0.0000 0.0000 0.0000 0.0000 0.0000 0.0000 0.0000 0.0000 0.0000 0.0000 0.0000 0.0000 0.0000 0.0000 0.0000 0.0132 1.0000 0.0000 0.0000 1.0000 0.0000 1.0000 0.0000 0.0000 1.0000 1.0000 0.3333 0.7500 1.0000 0.0000 0.0000 0.0000 1.0000 1.0000
