0.9994 0.0001 0.0002 0.0000 0.0000 0.0000 0.2143 0.0000 1.0000 0.0000 0.0000 0.0000 0.0000 0.0000 0.0000 0.0000 0.0000 0.0000 1.0000 0.0000 0.1667 0.0000 0.0000 0.0000 0.0000 1.0000 0.0000 1.0000 1.0000 0.5551 0.5600 0.1111 0.0000 0.0000 0.0000 0.0000 0.0000 0.0000
0.3325 0.9992 0.0000 0.0000 0.0000 0.0000 0.1429 0.0000 1.0000 0.0000 0.0000 0.0000 0.0000 0.0000 0.0000 0.0000 0.0000 0.0000 0.0000 0.0000 1.0000 0.0000 0.1400 0.0000 0.0000 1.0000 0.0000 0.2900 0.0236 0.1614 1.0000 0.0000 1.0000 0.5600 0.0000 0.0364 0.0000 0.0000
0.0001 0.0002 0.0005 0.0000 0.0000 0.0000 1.0000 0.0000 1.0000 0.0000 0.0000 0.0000 0.0000 0.0000 0.0000 0.0000 0.0000 0.0000 1.0000 0.0000 0.0000 0.0000 0.0000 0.0000 0.0000 1.0000 0.0000 0.0000 1.0000 0.4803 0.4800 0.1111 0.0000 0.0000 0.0000 0.0000 0.1429 0.0000
0.0000 0.0002 0.0005 0.0000 0.0000 0.0000 1.0000 0.0000 1.0000 0.0000 0.0000 0.0000 0.0000 0.0000 0.0000 0.0000 0.0000 0.0000 1.0000 0.0000 0.0000 0.0000 0.0000 0.0000 0.0000 1.0000 0.0000 0.0000 0.9291 0.2520 0.2700 0.1111 0.0000 0.0000 0.0000 0.0000 0.1429 0.0000
0.0000 0.0002 0.0005 0.0000 0.0000 0.0000 1.0000 0.0000 1.0000 0.0000 0.0000 0.0000 0.0000 0.0000 0.0000 0.0000 0.0000 0.0000 1.0000 0.0000 0.0000 0.0000 0.0000 0.0000 0.0000 1.0000 0.0000 0.0000 0.4528 0.0512 0.1200 0.2778 0.0100 0.0000 0.0364 0.0000 1.0000 0.0000
0.0001 0.0002 0.0005 0.0000 0.0000 0.0000 1.0000 0.0000 1.0000 0.0000 0.0000 0.0000 0.0000 0.0000 0.0000 0.0000 0.0000 0.0000 1.0000 0.0000 0.0000 0.0000 0.0000 0.0000 0.0000 1.0000 0.0000 0.0000 0.8228 0.1457 0.1800 0.1111 0.0000 0.0000 0.0000 0.0000 0.1429 0.0000
0.0001 0.0002 0.0005 0.0000 0.0000 0.0000 1.0000 0.0000 1.0000 0.0000 0.0000 0.0000 0.0000 0.0000 0.0000 0.0000 0.0000 0.0000 1.0000 0.0000 0.0000 0.0000 0.0000 0.0000 0.0000 1.0000 0.0000 0.0000 1.0000 0.4882 0.4900 0.1111 0.0100 0.0000 0.0000 0.0000 0.1429 0.0000
0.0001 0.0002 0.0005 0.0000 0.0000 0.0000 1.0000 0.0000 1.0000 0.0000 0.0000 0.0000 0.0000 0.0000 0.0000 0.0000 0.0000 0.0000 1.0000 0.0000 0.0000 0.0000 0.0000 0.0000 0.0000 1.0000 0.0000 0.0000 0.8780 0.2008 0.2300 0.1111 0.0000 0.0000 0.0000 0.0000 0.1429 0.0000
0.3349 0.0002 0.0004 0.0000 0.0000 0.0000 0.1071 0.0000 1.0000 0.0000 0.0000 0.0000 0.0000 0.0000 0.0000 0.0000 0.0000 0.0000 1.0000 0.0000 0.0000 0.0000 0.0000 0.0000 0.0000 1.0000 0.0000 0.0000 1.0000 0.0827 0.0900 0.1111 0.0000 0.0000 0.2364 0.0000 0.0000 0.0000
0.0001 0.0002 0.0005 0.0000 0.0000 0.0000 1.0000 0.0000 1.0000 0.0000 0.0000 0.0000 0.0000 0.0000 0.0000 0.0000 0.0000 0.0000 1.0000 0.0000 0.0000 0.0000 0.0000 0.0000 0.0000 1.0000 0.0000 0.0000 0.4685 0.0669 0.1500 0.2778 0.0100 0.0000 0.0364 0.0000 1.0000 0.0000
0.0000 0.0002 0.0005 0.0000 0.0000 0.0000 1.0000 0.0000 1.0000 0.0000 0.0000 0.0000 0.0000 0.0000 0.0000 0.0000 0.0000 0.0000 1.0000 0.0000 0.0000 0.0000 0.0000 0.0000 0.0000 1.0000 0.0000 0.0000 0.6772 0.0000 0.0100 0.1667 0.0100 0.0000 0.0182 0.0000 0.1429 0.0000
0.0000 0.0002 0.0005 0.0000 0.0000 0.0000 1.0000 0.0000 1.0000 0.0000 0.0000 0.0000 0.0000 0.0000 0.0000 0.0000 0.0000 0.0000 1.0000 0.0000 0.0000 0.0000 0.0000 0.0000 0.0000 1.0000 0.0000 0.0000 1.0000 0.2126 0.2200 0.1111 0.0000 0.0000 0.0000 0.0000 0.0000 0.0000
0.0473 0.0003 0.0049 0.0000 0.0000 0.0000 0.5357 0.0000 1.0000 1.0000 1.0000 0.0000 1.0000 0.1905 1.0000 1.0000 0.0000 0.0000 0.0000 0.0000 0.0000 0.0000 0.0000 0.0000 0.0000 1.0000 0.0000 0.0000 0.0000 0.0000 1.0000 0.0000 1.0000 0.0000 0.0000 0.0000 0.0000 0.0000
0.0001 0.0002 0.0005 0.0000 0.0000 0.0000 1.0000 0.0000 1.0000 0.0000 0.0000 0.0000 0.0000 0.0000 0.0000 0.0000 0.0000 0.0000 1.0000 0.0000 0.0000 0.0000 0.0000 0.0000 0.0000 1.0000 0.0000 0.0000 1.0000 0.2323 0.2400 0.1111 0.0000 0.0000 0.0000 0.0000 0.0000 0.0000
0.3320 0.9996 0.0000 0.0000 0.0000 0.0000 0.0714 0.0000 1.0000 0.0000 0.0000 0.0000 0.0000 0.0000 0.0000 0.0000 0.0000 0.0000 0.0000 0.0000 0.0000 0.0000 0.0000 0.0000 0.0000 1.0000 0.0000 0.0000 0.0394 0.1654 0.9100 1.0000 1.0000 0.4800 0.0000 0.0000 0.0000 0.0000
0.0001 0.0002 0.0005 0.0000 0.0000 0.0000 1.0000 0.0000 1.0000 0.0000 0.0000 0.0000 0.0000 0.0000 0.0000 0.0000 0.0000 0.0000 1.0000 0.0000 0.0000 0.0000 0.0000 0.0000 0.0000 1.0000 0.0000 0.0000 1.0000 0.5157 0.5200 0.1111 0.0000 0.0000 0.0000 0.0000 0.0000 0.0000
0.0001 0.0002 0.0005 0.0000 0.0000 0.0000 1.0000 0.0000 1.0000 0.0000 0.0000 0.0000 0.0000 0.0000 0.0000 0.0000 0.0000 0.0000 1.0000 0.0000 0.0000 0.0000 0.0000 0.0000 0.0000 1.0000 0.0000 0.0000 1.0000 0.5157 0.5200 0.1111 0.0000 0.0000 0.0000 0.0000 0.0000 0.0000
0.0001 0.0002 0.0005 0.0000 0.0000 0.0000 1.0000 0.0000 1.0000 0.0000 0.0000 0.0000 0.0000 0.0000 0.0000 0.0000 0.0000 0.0000 1.0000 0.0000 0.0000 0.0000 0.0000 0.0000 0.0000 1.0000 0.0000 0.0000 0.9961 0.3189 0.3200 0.1111 0.0000 0.0000 0.0000 0.0000 0.1429 0.0000
0.0001 0.0002 0.0005 0.0000 0.0000 0.0000 1.0000 0.0000 1.0000 0.0000 0.0000 0.0000 0.0000 0.0000 0.0000 0.0000 0.0000 0.0000 1.0000 0.0000 0.0000 0.0000 0.0000 0.0000 0.0000 1.0000 0.0000 0.0000 1.0000 0.5197 0.5200 0.1111 0.0000 0.0000 0.0000 0.0000 0.0000 0.0000
0.3340 0.9996 0.0000 0.0000 0.0000 0.0000 0.0000 0.0000 1.0000 0.0000 0.0000 0.0000 0.0000 0.0000 0.0000 0.0000 0.0000 0.0000 0.0000 0.0000 0.0000 0.0000 0.0000 0.0000 0.0000 1.0000 0.0000 0.0000 0.0118 0.2323 1.0000 0.0000 1.0000 0.4800 0.4545 0.0364 0.0000 0.0000
0.0000 0.0002 0.0005 0.0000 0.0000 0.0000 1.0000 0.0000 1.0000 0.0000 0.0000 0.0000 0.0000 0.0000 0.0000 0.0000 0.0000 0.0000 1.0000 0.0000 0.0000 0.0000 0.0000 0.0000 0.0000 1.0000 0.0000 0.0000 0.4252 0.0236 0.0600 0.3333 0.0100 0.0000 0.0364 0.0000 1.0000 0.0000
0.0001 0.0002 0.0005 0.0000 0.0000 0.0000 1.0000 0.0000 1.0000 0.0000 0.0000 0.0000 0.0000 0.0000 0.0000 0.0000 0.0000 0.0000 1.0000 0.0000 0.0000 0.0000 0.0000 0.0000 0.0000 1.0000 0.0000 0.0000 1.0000 0.5276 0.5300 0.1111 0.0000 0.0000 0.0000 0.0000 0.0000 0.0000
0.0001 0.0002 0.0005 0.0000 0.0000 0.0000 1.0000 0.0000 1.0000 0.0000 0.0000 0.0000 0.0000 0.0000 0.0000 0.0000 0.0000 0.0000 1.0000 0.0000 0.0000 0.0000 0.0000 0.0000 0.0000 1.0000 0.0000 0.0000 0.9882 0.3110 0.3200 0.1111 0.0000 0.0000 0.0000 0.0000 0.1429 0.0000
0.3325 0.9992 0.0000 0.0000 0.0000 0.0000 0.0357 0.0000 1.0000 0.0000 0.0000 0.0000 0.0000 0.0000 0.0000 0.0000 0.0000 0.0000 0.0000 0.0000 0.0000 0.0000 0.0000 0.0000 0.0000 1.0000 0.0000 0.0000 0.0197 0.1496 1.0000 0.0000 1.0000 0.5200 0.0000 0.0000 0.0000 0.0000
0.0001 0.0002 0.0005 0.0000 0.0000 0.0000 1.0000 0.0000 1.0000 0.0000 0.0000 0.0000 0.0000 0.0000 0.0000 0.0000 0.0000 0.0000 1.0000 0.0000 0.0000 0.0000 0.0000 0.0000 0.0000 1.0000 0.0000 0.0000 1.0000 0.4685 0.4700 0.1111 0.0000 0.0000 0.0000 0.0000 0.1429 0.0000
0.0007 0.0000 0.9999 0.0000 0.0000 0.0000 0.0000 0.0000 0.0000 0.0000 0.0000 0.0000 0.0000 0.0000 0.0000 0.0000 0.0000 0.0000 0.0000 0.0000 0.0000 0.0000 0.0000 0.0000 0.0000 1.0000 0.0000 0.0000 0.0630 0.0630 1.0000 0.0000 1.0000 0.0000 0.0000 0.0000 0.0000 0.0000
0.0006 0.0000 0.9997 0.0000 0.0000 0.0000 0.0000 0.0000 0.0000 0.0000 0.0000 0.0000 0.0000 0.0000 0.0000 0.0000 0.0000 0.0000 0.0000 0.0000 0.0000 0.0000 0.0000 0.0000 0.0000 1.0000 0.0000 0.0000 0.0512 0.0512 1.0000 0.0000 1.0000 0.0000 0.0000 0.0000 0.0000 0.0000
0.0002 0.0002 0.0005 0.0000 0.0000 0.0000 1.0000 0.0000 1.0000 0.0000 0.0000 0.0000 0.0000 0.0000 0.0000 0.0000 0.0000 0.0000 1.0000 0.0000 0.0000 0.0000 0.0000 0.0000 0.0000 1.0000 0.0000 0.0000 1.0000 0.1102 0.1100 0.1111 0.0000 0.0000 0.2000 0.0000 0.0000 0.0000
0.0003 0.0002 0.0005 0.0000 0.0000 0.0000 1.0000 0.0000 1.0000 0.0000 0.0000 0.0000 0.0000 0.0000 0.0000 0.0000 0.0000 0.0000 1.0000 0.0000 0.0000 0.0000 0.0000 0.0000 0.0000 1.0000 0.0000 0.0000 0.8346 0.1575 0.1900 0.1111 0.0000 0.0000 0.0000 0.0000 0.1429 0.0000
0.0001 0.0002 0.0005 0.0000 0.0000 0.0000 1.0000 0.0000 1.0000 0.0000 0.0000 0.0000 0.0000 0.0000 0.0000 0.0000 0.0000 0.0000 1.0000 0.0000 0.0000 0.0000 0.0000 0.0000 0.0000 1.0000 0.0000 0.0000 1.0000 0.4449 0.4500 0.1111 0.0000 0.0000 0.0000 0.0000 0.1429 0.0000
0.0000 0.0002 0.0005 0.0000 0.0000 0.0000 1.0000 0.0000 1.0000 0.0000 0.0000 0.0000 0.0000 0.0000 0.0000 0.0000 0.0000 0.0000 1.0000 0.0000 0.0000 0.0000 0.0000 0.0000 0.0000 1.0000 0.0000 0.0000 0.8701 0.1929 0.2300 0.1111 0.0000 0.0000 0.0000 0.0000 0.1429 0.0000
0.0001 0.0002 0.0005 0.0000 0.0000 0.0000 1.0000 0.0000 1.0000 0.0000 0.0000 0.0000 0.0000 0.0000 0.0000 0.0000 0.0000 0.0000 1.0000 0.0000 0.0000 0.0000 0.0000 0.0000 0.0000 1.0000 0.0000 0.0000 1.0000 0.3622 0.3600 0.1111 0.0000 0.0000 0.0000 0.0000 0.1429 0.0000
0.0006 0.0000 1.0000 0.0000 0.0000 0.0000 0.0000 0.0000 0.0000 0.0000 0.0000 0.0000 0.0000 0.0000 0.0000 0.0000 0.0000 0.0000 0.0000 0.0000 0.0000 0.0000 0.0000 0.0000 0.0000 1.0000 0.0000 0.0000 0.0315 0.0315 1.0000 0.0000 1.0000 0.0000 0.0000 0.0000 0.0000 0.0000
0.0000 0.0002 0.0005 0.0000 0.0000 0.0000 1.0000 0.0000 1.0000 0.0000 0.0000 0.0000 0.0000 0.0000 0.0000 0.0000 0.0000 0.0000 1.0000 0.0000 0.0000 0.0000 0.0000 0.0000 0.0000 1.0000 0.0000 0.0000 1.0000 0.3386 0.3400 0.1111 0.0000 0.0000 0.0000 0.0000 0.1429 0.0000
0.0000 0.0002 0.0005 0.0000 0.0000 0.0000 1.0000 0.0000 1.0000 0.0000 0.0000 0.0000 0.0000 0.0000 0.0000 0.0000 0.0000 0.0000 1.0000 0.0000 0.0000 0.0000 0.0000 0.0000 0.0000 1.0000 0.0000 0.0000 1.0000 0.4528 0.4500 0.1111 0.0000 0.0000 0.0000 0.0000 0.0000 0.0000
0.3337 0.9996 0.0000 0.0000 0.0000 0.0000 0.1071 0.0000 1.0000 0.0000 0.0000 0.0000 0.0000 0.0000 0.0000 0.0000 0.0000 0.0000 0.0000 0.0000 0.0000 0.0000 0.0000 0.0000 0.0000 1.0000 0.0000 0.0000 1.0000 0.2677 0.2700 0.4444 0.3200 0.0000 0.0182 0.0182 0.0000 0.0000
0.3334 1.0000 0.0000 0.0000 0.0000 0.0000 0.0000 0.0000 1.0000 0.0000 0.0000 0.0000 0.0000 0.0000 0.0000 0.0000 0.0000 0.0000 0.0000 0.0000 0.0000 0.0000 0.0000 0.0000 0.0000 1.0000 0.0000 0.0000 0.0000 0.0000 1.0000 0.0000 1.0000 0.0000 0.0000 0.0000 0.0000 0.0000
0.0000 0.0000 0.0016 0.0000 0.0000 0.0000 0.0714 0.0000 1.0000 0.0000 1.0000 0.0000 0.0000 0.0000 0.0000 0.5000 0.0000 0.0000 0.0000 0.0000 0.1667 0.0000 0.0000 0.0000 1.0000 1.0000 0.0000 1.0000 1.0000 1.0000 1.0000 0.0000 0.0000 0.0000 0.0000 0.0000 0.0000 0.0000
0.0002 0.0002 0.0005 0.0000 0.0000 0.0000 1.0000 0.0000 1.0000 0.0000 0.0000 0.0000 0.0000 0.0000 0.0000 0.0000 0.0000 0.0000 1.0000 0.0000 0.0000 0.0000 0.0000 0.0000 0.0000 1.0000 0.0000 0.0000 1.0000 0.1260 0.1300 0.1111 0.0000 0.0000 0.1636 0.0000 0.0000 0.0000
0.0001 0.0002 0.0005 0.0000 0.0000 0.0000 1.0000 0.0000 1.0000 0.0000 0.0000 0.0000 0.0000 0.0000 0.0000 0.0000 0.0000 0.0000 1.0000 0.0000 0.0000 0.0000 0.0000 0.0000 0.0000 1.0000 0.0000 0.0000 1.0000 0.5079 0.5100 0.1111 0.0000 0.0000 0.0000 0.0000 0.0000 0.0000
0.0008 0.0000 0.0016 0.0000 0.0000 0.0000 0.0714 0.0000 1.0000 0.0000 1.0000 0.0000 0.0000 0.0000 0.0000 0.5000 0.0000 0.0000 0.0000 0.0000 0.0000 0.0000 0.0000 0.0000 0.0000 1.0000 0.0000 0.0000 1.0000 0.9646 0.9600 0.0556 0.0000 0.0000 0.0000 0.0000 0.0000 0.0000
0.0001 0.0002 0.0005 0.0000 0.0000 0.0000 1.0000 0.0000 1.0000 0.0000 0.0000 0.0000 0.0000 0.0000 0.0000 0.0000 0.0000 0.0000 1.0000 0.0000 0.0000 0.0000 0.0000 0.0000 0.0000 1.0000 0.0000 0.0000 1.0000 0.3425 0.3500 0.1111 0.0000 0.0000 0.0000 0.0000 0.1429 0.0000
0.3333 0.0002 0.0004 0.0000 0.0000 0.0000 0.7143 0.0000 1.0000 0.0000 0.0000 0.0000 0.0000 0.0000 0.0000 0.0000 0.0000 0.0000 1.0000 0.0000 0.0000 0.0000 0.0000 0.0000 0.0000 1.0000 0.0000 0.0000 1.0000 0.0984 0.1000 0.1111 0.0000 0.0000 0.2182 0.0000 0.0000 0.0000
0.0000 0.0002 0.0005 0.0000 0.0000 0.0000 1.0000 0.0000 1.0000 0.0000 0.0000 0.0000 0.0000 0.0000 0.0000 0.0000 0.0000 0.0000 1.0000 0.0000 0.0000 0.0000 0.0000 0.0000 0.0000 1.0000 0.0000 0.0000 0.8858 0.2087 0.2400 0.1111 0.0000 0.0000 0.0000 0.0000 0.1429 0.0000
0.3337 0.9996 0.0000 0.0000 0.0000 0.0000 0.1786 0.0000 1.0000 0.0000 0.0000 0.0000 0.0000 0.0000 0.0000 0.0000 0.0000 0.0000 0.0000 0.0000 0.0000 0.0000 0.0000 0.0000 0.0000 1.0000 0.0000 0.0000 0.0118 0.1575 1.0000 0.0000 1.0000 0.2800 0.0000 0.0364 0.0000 0.0000
0.0103 0.0002 0.0005 0.0000 0.0000 0.0000 0.6429 0.0000 1.0000 0.0000 0.0000 0.0000 0.0000 1.0000 0.0000 0.0000 0.0000 0.0000 1.0000 0.0000 0.0000 0.0000 0.0000 0.0000 0.0000 1.0000 0.0000 0.0000 0.8543 0.0000 0.0000 0.1667 0.0000 0.0000 0.0182 0.0000 1.0000 0.0000
0.0008 0.0014 0.0000 0.0000 0.0000 0.0000 0.0000 0.0000 1.0000 0.0000 0.0000 0.0000 0.0000 0.0000 0.0000 0.0000 0.0000 0.0000 0.0000 0.5000 0.1667 0.0000 0.0000 0.0000 0.0000 1.0000 0.0000 0.0000 0.0039 0.1772 1.0000 0.0000 1.0000 0.1600 0.0000 0.0364 0.0000 0.0000
1.0000 0.0001 0.0002 0.0000 0.0000 0.0000 0.1786 0.0000 1.0000 0.0000 0.0000 0.0000 0.0000 0.0000 0.0000 0.0000 0.0000 0.0000 1.0000 0.0000 0.0000 0.0000 0.0000 0.0000 0.0000 1.0000 0.0000 0.0000 1.0000 0.0079 0.0100 0.1111 0.0000 0.0000 0.3818 0.0000 0.0000 0.0000
0.0001 0.0002 0.0005 0.0000 0.0000 0.0000 1.0000 0.0000 1.0000 0.0000 0.0000 0.0000 0.0000 0.0000 0.0000 0.0000 0.0000 0.0000 1.0000 0.0000 0.0000 0.0000 0.0000 0.0000 0.0000 1.0000 0.0000 0.0000 1.0000 0.5315 0.5300 0.1111 0.0000 0.0000 0.0000 0.0000 0.0000 0.0000
0.0000 0.0002 0.0005 0.0000 0.0000 0.0000 1.0000 0.0000 1.0000 0.0000 0.0000 0.0000 0.0000 0.0000 0.0000 0.0000 0.0000 0.0000 1.0000 0.0000 0.0000 0.0000 0.0000 0.0000 0.0000 1.0000 0.0000 0.0000 0.8031 0.1260 0.1600 0.1111 0.0000 0.0000 0.0000 0.0000 0.1429 0.0000
0.0000 0.0002 0.0005 0.0000 0.0000 0.0000 1.0000 0.0000 1.0000 0.0000 0.0000 0.0000 0.0000 0.0000 0.0000 0.0000 0.0000 0.0000 1.0000 0.0000 0.0000 0.0000 0.0000 0.0000 0.0000 1.0000 0.0000 0.0000 1.0000 0.2638 0.2700 0.1111 0.0000 0.0000 0.0000 0.0000 0.0000 0.0000
0.0008 0.0014 0.0000 0.0000 0.0000 0.0000 0.0000 0.0000 1.0000 0.0000 0.0000 0.0000 0.0000 0.0000 0.0000 0.0000 0.0000 0.0000 0.0000 0.0000 0.0000 0.0000 0.0000 0.0000 0.0000 1.0000 0.0000 0.0000 1.0000 0.2402 0.2400 0.7222 0.3400 0.0000 0.0364 0.0364 0.0000 0.0000
0.0003 0.0002 0.0005 0.0000 0.0000 0.0000 1.0000 0.0000 1.0000 0.0000 0.0000 0.0000 0.0000 0.0000 0.0000 0.0000 0.0000 0.0000 1.0000 0.0000 0.0000 0.0000 0.0000 0.0000 0.0000 1.0000 0.0000 0.0000 0.9646 0.2874 0.3000 0.1111 0.0000 0.0000 0.0000 0.0000 0.1429 0.0000
0.0001 0.0002 0.0005 0.0000 0.0000 0.0000 1.0000 0.0000 1.0000 0.0000 0.0000 0.0000 0.0000 0.0000 0.0000 0.0000 0.0000 0.0000 1.0000 0.0000 0.0000 0.0000 0.0000 0.0000 0.0000 1.0000 0.0000 0.0000 1.0000 0.5236 0.5300 0.1111 0.0000 0.0000 0.0000 0.0000 0.0000 0.0000
0.3327 0.9996 0.0000 0.0000 0.0000 0.0000 0.1786 0.0000 1.0000 0.0000 0.0000 0.0000 0.0000 0.0000 0.0000 0.0000 0.0000 0.0000 0.0000 0.0000 0.0000 0.0000 0.0000 0.0000 0.0000 1.0000 0.0000 0.0000 0.0118 0.1181 1.0000 0.0000 1.0000 0.5200 0.0000 0.0000 0.0000 0.0000
0.0001 0.0002 0.0005 0.0000 0.0000 0.0000 1.0000 0.0000 1.0000 0.0000 0.0000 0.0000 0.0000 0.0000 0.0000 0.0000 0.0000 0.0000 1.0000 0.0000 0.0000 0.0000 0.0000 0.0000 0.0000 1.0000 0.0000 0.0000 0.9488 0.2717 0.2900 0.1111 0.0000 0.0000 0.0000 0.0000 0.1429 0.0000
0.3338 0.9996 0.0000 0.0000 0.0000 0.0000 0.1786 0.0000 1.0000 0.0000 0.0000 0.0000 0.0000 0.0000 0.0000 0.0000 0.0000 0.0000 0.0000 0.0000 0.0000 0.0000 0.0000 0.0000 0.0000 1.0000 0.0000 0.0000 0.0118 0.0433 1.0000 0.0000 1.0000 0.6800 0.0000 0.0000 0.0000 0.0000
0.0001 0.0002 0.0005 0.0000 0.0000 0.0000 1.0000 0.0000 1.0000 0.0000 0.0000 0.0000 0.0000 0.0000 0.0000 0.0000 0.0000 0.0000 1.0000 0.0000 0.0000 0.0000 0.0000 0.0000 0.0000 1.0000 0.0000 0.0000 0.9724 0.2953 0.3100 0.1111 0.0000 0.0000 0.0000 0.0000 0.1429 0.0000
0.0001 0.0002 0.0005 0.0000 0.0000 0.0000 1.0000 0.0000 1.0000 0.0000 0.0000 0.0000 0.0000 0.0000 0.0000 0.0000 0.0000 0.0000 1.0000 0.0000 0.0000 0.0000 0.0000 0.0000 0.0000 1.0000 0.0000 0.0000 0.4173 0.0157 0.0500 0.3333 0.0100 0.0000 0.0364 0.0000 1.0000 0.0000
0.0001 0.0002 0.0005 0.0000 0.0000 0.0000 1.0000 0.0000 1.0000 0.0000 0.0000 0.0000 0.0000 0.0000 0.0000 0.0000 0.0000 0.0000 1.0000 0.0000 0.0000 0.0000 0.0000 0.0000 0.0000 1.0000 0.0000 0.0000 0.9685 0.2913 0.3000 0.1111 0.0000 0.0000 0.0000 0.0000 0.1429 0.0000
0.0001 0.0002 0.0005 0.0000 0.0000 0.0000 1.0000 0.0000 1.0000 0.0000 0.0000 0.0000 0.0000 0.0000 0.0000 0.0000 0.0000 0.0000 1.0000 0.0000 0.0000 0.0000 0.0000 0.0000 0.0000 1.0000 0.0000 0.0000 1.0000 0.5433 0.5500 0.1111 0.0000 0.0000 0.0000 0.0000 0.0000 0.0000
0.0000 0.0003 0.1260 0.0000 0.0000 0.0000 0.0000 0.0000 0.0000 0.0000 0.0000 0.0000 0.0000 0.0000 0.0000 0.0000 0.0000 0.0000 0.0000 0.0000 0.0000 1.0000 1.0000 0.0000 0.0000 1.0000 0.0000 0.0000 0.0394 0.0394 1.0000 0.0000 0.0900 0.0000 1.0000 1.0000 0.0000 0.0000
0.0000 0.0002 0.0005 0.0000 0.0000 0.0000 1.0000 0.0000 1.0000 0.0000 0.0000 0.0000 0.0000 0.0000 0.0000 0.0000 0.0000 0.0000 1.0000 0.0000 0.0000 0.0000 0.0000 0.0000 0.0000 1.0000 0.0000 0.0000 1.0000 0.1181 0.1200 0.1111 0.0000 0.0000 0.1818 0.0000 0.0000 0.0000
0.0000 0.0002 0.0005 0.0000 0.0000 0.0000 1.0000 0.0000 1.0000 0.0000 0.0000 0.0000 0.0000 0.0000 0.0000 0.0000 0.0000 0.0000 1.0000 0.0000 0.0000 0.0000 0.0000 0.0000 0.0000 1.0000 0.0000 0.0000 0.9094 0.2323 0.2600 0.1111 0.0000 0.0000 0.0000 0.0000 0.1429 0.0000
0.0006 0.0000 1.0000 0.0000 0.0000 0.0000 0.0000 0.0000 0.0000 0.0000 0.0000 0.0000 0.0000 0.0000 0.0000 0.0000 0.0000 0.0000 0.0000 0.0000 0.0000 0.0000 0.0000 0.0000 0.0000 1.0000 0.0000 0.0000 0.0197 0.0197 1.0000 0.0000 1.0000 0.0000 0.0000 0.0000 0.0000 0.0000
0.0001 0.0003 0.0005 0.0000 0.0000 0.0000 1.0000 0.0000 1.0000 0.0000 0.0000 0.0000 0.0000 0.0000 0.0000 0.0000 0.0000 0.0000 1.0000 0.0000 0.0000 0.0000 0.0000 0.0000 0.0000 1.0000 0.0000 0.0000 1.0000 0.1457 0.1500 0.1111 0.0000 0.0000 0.1273 0.0000 0.0000 0.0000
0.0001 0.0002 0.0005 0.0000 0.0000 0.0000 1.0000 0.0000 1.0000 0.0000 0.0000 0.0000 0.0000 0.0000 0.0000 0.0000 0.0000 0.0000 1.0000 0.0000 0.0000 0.0000 0.0000 0.0000 0.0000 1.0000 0.0000 0.0000 1.0000 0.5079 0.5100 0.1111 0.0000 0.0000 0.0000 0.0000 0.0000 0.0000
0.0001 0.0002 0.0005 0.0000 0.0000 0.0000 1.0000 0.0000 1.0000 0.0000 0.0000 0.0000 0.0000 0.0000 0.0000 0.0000 0.0000 0.0000 1.0000 0.0000 0.0000 0.0000 0.0000 0.0000 0.0000 1.0000 0.0000 0.0000 1.0000 0.5197 0.5200 0.1111 0.0000 0.0000 0.0000 0.0000 0.0000 0.0000
0.3328 1.0000 0.0000 0.0000 0.0000 0.0000 0.1429 0.0000 1.0000 0.0000 0.0000 0.0000 0.0000 0.0000 0.0000 0.0000 0.0000 0.0000 0.0000 0.0000 0.0000 0.0000 0.0000 0.0000 0.0000 1.0000 0.0000 0.0000 0.0315 0.1496 1.0000 0.0000 1.0000 0.5200 0.0000 0.0000 0.0000 0.0000
0.0008 0.0014 0.0000 0.0000 0.0000 0.0000 0.0000 0.0000 1.0000 0.0000 0.0000 0.0000 0.0000 0.0000 0.0000 0.0000 0.0000 0.0000 0.0000 0.0000 0.0000 0.0000 0.0000 0.0000 0.0000 1.0000 0.0000 0.0000 0.0157 0.1339 1.0000 0.0000 1.0000 0.5600 0.0000 0.0000 0.0000 0.0000
0.0001 0.0002 0.0005 0.0000 0.0000 0.0000 1.0000 0.0000 1.0000 0.0000 0.0000 0.0000 0.0000 0.0000 0.0000 0.0000 0.0000 0.0000 1.0000 0.0000 0.0000 0.0000 0.0000 0.0000 0.0000 1.0000 0.0000 0.0000 1.0000 0.2717 0.2700 0.1111 0.0000 0.0000 0.0000 0.0000 0.0000 0.0000
0.0001 0.0002 0.0005 0.0000 0.0000 0.0000 1.0000 0.0000 1.0000 0.0000 0.0000 0.0000 0.0000 0.0000 0.0000 0.0000 0.0000 0.0000 1.0000 0.0000 0.0000 0.0000 0.0000 0.0000 0.0000 1.0000 0.0000 0.0000 1.0000 0.2756 0.2800 0.1111 0.0000 0.0000 0.0000 0.0000 0.0000 0.0000
0.0000 0.0000 0.0909 0.0000 0.0000 0.0000 0.0000 0.0000 0.0000 0.0000 0.0000 0.0000 0.0000 0.0000 0.0000 0.0000 0.0000 0.0000 0.0000 0.0000 0.0000 0.0000 0.0000 0.0000 0.0000 1.0000 0.0000 0.0000 0.0039 0.0039 1.0000 0.0000 1.0000 0.0000 0.0000 0.0000 0.0000 0.0000
0.0008 0.0014 0.0000 0.0000 0.0000 0.0000 0.0000 0.0000 1.0000 0.0000 0.0000 0.0000 0.0000 0.0000 0.0000 0.0000 0.0000 0.0000 0.0000 0.5000 0.1667 0.0000 0.0000 0.0000 0.0000 1.0000 0.0000 0.0000 0.0039 0.1024 1.0000 0.0000 1.0000 0.7600 0.0000 0.0000 0.0000 0.0000
0.0001 0.0002 0.0005 0.0000 0.0000 0.0000 1.0000 0.0000 1.0000 0.0000 0.0000 0.0000 0.0000 0.0000 0.0000 0.0000 0.0000 0.0000 1.0000 0.0000 0.0000 0.0000 0.0000 0.0000 0.0000 1.0000 0.0000 0.0000 1.0000 0.3346 0.3400 0.1111 0.0000 0.0000 0.0000 0.0000 0.0000 0.0000
0.0001 0.0002 0.0005 0.0000 0.0000 0.0000 1.0000 0.0000 1.0000 0.0000 0.0000 0.0000 0.0000 0.0000 0.0000 0.0000 0.0000 0.0000 1.0000 0.0000 0.0000 0.0000 0.0000 0.0000 0.0000 1.0000 0.0000 0.0000 1.0000 0.2244 0.2300 0.1111 0.0000 0.0000 0.0000 0.0000 0.0000 0.0000
0.0008 0.0014 0.0000 0.0000 0.0000 0.0000 0.0000 0.0000 1.0000 0.0000 0.0000 0.0000 0.0000 0.0000 0.0000 0.0000 0.0000 0.0000 0.0000 0.5000 0.1667 0.0000 0.0000 0.0000 0.0000 1.0000 0.0000 0.0000 0.0039 0.0472 1.0000 0.0000 1.0000 0.6000 0.0000 0.0000 0.0000 0.0000
0.0008 0.0014 0.0000 0.0000 0.0000 0.0000 0.0000 0.0000 1.0000 0.0000 0.0000 0.0000 0.0000 0.0000 0.0000 0.0000 0.0000 0.0000 0.0000 1.0000 0.1667 0.0000 0.0000 0.0000 0.0000 0.0000 1.0000 0.0000 1.0000 0.3228 0.3300 0.3889 0.3500 0.0000 0.0364 0.0909 0.0000 0.0000
0.0001 0.0002 0.0005 0.0000 0.0000 0.0000 1.0000 0.0000 1.0000 0.0000 0.0000 0.0000 0.0000 0.0000 0.0000 0.0000 0.0000 0.0000 1.0000 0.0000 0.0000 0.0000 0.0000 0.0000 0.0000 1.0000 0.0000 0.0000 1.0000 0.5276 0.5300 0.1111 0.0100 0.0000 0.0000 0.0000 0.0000 0.0000
0.3324 0.9996 0.0000 0.0000 0.0000 0.0000 0.2500 0.0000 1.0000 0.0000 0.0000 0.0000 0.0000 0.0000 0.0000 0.0000 0.0000 0.0000 0.0000 0.0000 0.0000 0.0000 0.0000 0.0000 0.0000 1.0000 0.0000 0.0000 0.0315 0.1299 1.0000 0.0000 1.0000 0.6000 0.0000 0.0545 0.0000 0.0000
0.3334 0.9996 0.0000 0.0000 0.0000 0.0000 0.1429 0.0000 1.0000 0.0000 0.0000 0.0000 0.0000 0.0000 0.0000 0.0000 0.0000 0.0000 0.0000 0.0000 0.0000 0.0000 0.0000 0.0000 0.0000 1.0000 0.0000 0.0000 0.0118 0.0591 1.0000 0.0000 1.0000 1.0000 0.0000 0.0000 0.0000 0.0000
0.3330 1.0000 0.0000 0.0000 0.0000 0.0000 0.1429 0.0000 1.0000 0.0000 0.0000 0.0000 0.0000 0.0000 0.0000 0.0000 0.0000 0.0000 0.0000 0.0000 0.0000 0.0000 0.0000 0.0000 0.0000 1.0000 0.0000 0.0000 0.0157 0.1220 1.0000 0.0000 1.0000 0.4800 0.0000 0.0000 0.0000 0.0000
0.0002 0.0002 0.0005 0.0000 0.0000 0.0000 1.0000 0.0000 1.0000 0.0000 0.0000 0.0000 0.0000 0.0000 0.0000 0.0000 0.0000 0.0000 1.0000 0.0000 0.0000 0.0000 0.0000 0.0000 0.0000 1.0000 0.0000 0.0000 1.0000 0.3858 0.3900 0.1111 0.0000 0.0000 0.0000 0.0000 0.0000 0.0000
0.6672 0.0002 0.0004 0.0000 0.0000 0.0000 0.1429 0.0000 1.0000 0.0000 0.0000 0.0000 0.0000 0.0000 0.0000 0.0000 0.0000 0.0000 1.0000 0.0000 0.0000 0.0000 0.0000 0.0000 0.0000 1.0000 0.0000 0.0000 1.0000 0.0551 0.0600 0.1111 0.0000 0.0000 0.2909 0.0000 0.0000 0.0000
0.0000 0.0002 0.0005 0.0000 0.0000 0.0000 1.0000 0.0000 1.0000 0.0000 0.0000 0.0000 0.0000 0.0000 0.0000 0.0000 0.0000 0.0000 1.0000 0.0000 0.0000 0.0000 0.0000 0.0000 0.0000 1.0000 0.0000 0.0000 1.0000 0.3071 0.3100 0.1111 0.0000 0.0000 0.0000 0.0000 0.0000 0.0000
