0.0338 0.9600 0.9399 0.0282 0.0233 0.0286 0.9617 0.0182 0.0234 0.9256 0.0334 0.0381 0.0228 0.0290 0.0208 0.0248 0.0224 0.0351 0.0321 0.2231 0.2223 0.0647 0.0538 0.0955 0.1277 0.9692 0.0341 0.1298 0.6050 0.6476 0.0208 0.0162 0.0690 0.0162 0.0689 0.0445 0.1044 0.1673
0.0299 0.9756 0.9431 0.0190 0.0334 0.0369 0.9508 0.0258 0.0266 0.9094 0.0281 0.0412 0.0291 0.0370 0.0263 0.0263 0.0289 0.0295 0.0295 0.1957 0.2291 0.0499 0.0431 0.0899 0.1966 0.9657 0.0241 0.1116 0.5679 0.5988 0.0340 0.0411 0.0370 0.0318 0.0817 0.0652 0.1552 0.1960
0.0269 0.9571 0.9642 0.0255 0.0386 0.0290 0.9194 0.0316 0.0220 0.8983 0.0235 0.0332 0.0295 0.0277 0.0253 0.0271 0.0254 0.0367 0.0275 0.2640 0.2502 0.0362 0.0481 0.1020 0.2024 0.9693 0.0380 0.1135 0.5501 0.6108 0.0253 0.0300 0.0417 0.0350 0.0659 0.0589 0.1400 0.1182
0.0299 0.9653 0.9645 0.0241 0.0186 0.0338 0.9508 0.0281 0.0217 0.9442 0.0309 0.0273 0.0266 0.0191 0.0185 0.0269 0.0354 0.0286 0.0357 0.2182 0.1758 0.0574 0.0363 0.0737 0.0990 0.9781 0.0280 0.1596 0.6325 0.6153 0.0300 0.0284 0.0293 0.0291 0.0823 0.0624 0.1424 0.1415
0.0259 0.9507 0.9575 0.0178 0.0190 0.0252 0.9415 0.0274 0.0276 0.9066 0.0239 0.0273 0.0263 0.0244 0.0303 0.0279 0.0317 0.0266 0.0278 0.2507 0.3074 0.0458 0.0463 0.1155 0.2107 0.9652 0.0196 0.1281 0.6104 0.6721 0.0258 0.0254 0.0509 0.0138 0.0700 0.0647 0.1158 0.1277
0.0391 0.9751 0.9659 0.0296 0.0315 0.0173 0.9526 0.0187 0.0229 0.9296 0.0353 0.0299 0.0215 0.0256 0.0257 0.0207 0.0234 0.0332 0.0325 0.2827 0.2156 0.0595 0.0476 0.0936 0.1747 0.9763 0.0223 0.0999 0.6283 0.6933 0.0259 0.0228 0.0462 0.0257 0.0595 0.0818 0.1655 0.1649
0.0239 0.9684 0.9330 0.0237 0.0258 0.0286 0.9508 0.0223 0.0245 0.9395 0.0270 0.0238 0.0192 0.0285 0.0348 0.0170 0.0270 0.0224 0.0224 0.2234 0.1945 0.0578 0.0474 0.0880 0.1516 0.9749 0.0285 0.0980 0.6133 0.6178 0.0233 0.0242 0.0451 0.0217 0.0499 0.0602 0.1355 0.1674
0.0260 0.9684 0.9659 0.0308 0.0287 0.0318 0.9626 0.0285 0.0190 0.9243 0.0281 0.0290 0.0225 0.0188 0.0188 0.0259 0.0359 0.0247 0.0238 0.2364 0.2464 0.0569 0.0392 0.1055 0.1580 0.9712 0.0350 0.1121 0.6577 0.5606 0.0249 0.0252 0.0634 0.0301 0.0923 0.0581 0.0747 0.1187
0.0268 0.9623 0.9691 0.0185 0.0343 0.0227 0.9309 0.0311 0.0162 0.9229 0.0295 0.0286 0.0238 0.0195 0.0160 0.0262 0.0349 0.0221 0.0329 0.2435 0.2035 0.0395 0.0392 0.1001 0.1254 0.9674 0.0289 0.1059 0.6476 0.5826 0.0263 0.0259 0.0341 0.0249 0.0549 0.0857 0.1317 0.1295
0.0486 0.9755 0.9363 0.0256 0.0258 0.0453 0.9175 0.0157 0.0259 0.8978 0.0378 0.0374 0.0306 0.0316 0.0342 0.0309 0.0253 0.0237 0.0333 0.2423 0.1907 0.0440 0.0614 0.0890 0.1126 0.9592 0.0311 0.0975 0.5635 0.5888 0.0301 0.0360 0.0375 0.0254 0.0894 0.0575 0.1101 0.1419
0.0266 0.9758 0.9641 0.0244 0.0283 0.0327 0.9382 0.0302 0.0287 0.9122 0.0307 0.0289 0.0323 0.0230 0.0255 0.0172 0.0216 0.0319 0.0277 0.1873 0.2415 0.0462 0.0453 0.0819 0.1828 0.9738 0.0215 0.1248 0.6091 0.6573 0.0320 0.0268 0.0644 0.0196 0.0656 0.0875 0.1760 0.1489
0.0310 0.9691 0.9508 0.0253 0.0258 0.0323 0.9513 0.0265 0.0227 0.8902 0.0250 0.0468 0.0182 0.0304 0.0277 0.0278 0.0193 0.0318 0.0375 0.2456 0.2869 0.0524 0.0439 0.0983 0.1536 0.9589 0.0237 0.1713 0.6781 0.6549 0.0250 0.0316 0.0420 0.0256 0.0967 0.0928 0.1144 0.1615
0.0378 0.9598 0.9662 0.0230 0.0247 0.0249 0.9458 0.0233 0.0260 0.8765 0.0331 0.0233 0.0221 0.0267 0.0212 0.0178 0.0250 0.0339 0.0155 0.2332 0.2313 0.0394 0.0399 0.1090 0.1354 0.9814 0.0310 0.1361 0.5856 0.5849 0.0446 0.0169 0.0406 0.0203 0.0630 0.0605 0.1360 0.1599
0.0240 0.9689 0.9618 0.0262 0.0245 0.0321 0.9685 0.0218 0.0263 0.9275 0.0282 0.0309 0.0353 0.0316 0.0247 0.0336 0.0270 0.0238 0.0274 0.2445 0.1981 0.0456 0.0323 0.0808 0.1728 0.9767 0.0288 0.1082 0.5537 0.6174 0.0298 0.0337 0.0407 0.0279 0.0894 0.0932 0.1402 0.1635
0.0324 0.9724 0.9663 0.0272 0.0203 0.0479 0.9509 0.0272 0.0165 0.8893 0.0247 0.0208 0.0270 0.0210 0.0208 0.0354 0.0355 0.0209 0.0221 0.2275 0.3186 0.0412 0.0357 0.1132 0.1394 0.9763 0.0287 0.0956 0.6397 0.6788 0.0323 0.0333 0.0452 0.0219 0.0701 0.0640 0.1224 0.1287
0.0418 0.9670 0.9522 0.0335 0.0462 0.0298 0.9591 0.0262 0.0248 0.9042 0.0289 0.0315 0.0253 0.0334 0.0203 0.0297 0.0369 0.0290 0.0238 0.2418 0.2904 0.0511 0.0507 0.1166 0.1165 0.9689 0.0408 0.0834 0.6052 0.5990 0.0239 0.0196 0.0433 0.0332 0.0931 0.0814 0.1233 0.1837
0.0224 0.9708 0.9488 0.0305 0.0352 0.0266 0.9590 0.0474 0.0239 0.9235 0.0238 0.0390 0.0224 0.0222 0.0299 0.0216 0.0178 0.0326 0.0246 0.1916 0.1842 0.0643 0.0480 0.0848 0.1477 0.9677 0.0288 0.0874 0.5613 0.6367 0.0257 0.0337 0.0382 0.0315 0.0490 0.0659 0.1672 0.2061
0.0346 0.9767 0.9666 0.0260 0.0249 0.0185 0.9377 0.0132 0.0196 0.9255 0.0308 0.0454 0.0212 0.0320 0.0198 0.0266 0.0176 0.0197 0.0237 0.2255 0.2695 0.0428 0.0497 0.1123 0.1394 0.9793 0.0329 0.0679 0.6196 0.6198 0.0316 0.0346 0.0384 0.0277 0.0698 0.0771 0.1473 0.1594
0.0355 0.9651 0.9266 0.0161 0.0133 0.0229 0.9202 0.0219 0.0160 0.9375 0.0285 0.0331 0.0287 0.0277 0.0195 0.0295 0.0236 0.0347 0.0226 0.1861 0.1994 0.0390 0.0442 0.0889 0.1807 0.9792 0.0232 0.0728 0.6327 0.6447 0.0365 0.0227 0.0420 0.0276 0.0702 0.0616 0.0967 0.1286
0.0547 0.9566 0.9667 0.0189 0.0277 0.0574 0.9525 0.0252 0.0211 0.9177 0.0395 0.0356 0.0270 0.0291 0.0229 0.0282 0.0319 0.0272 0.0237 0.2071 0.2366 0.0542 0.0480 0.1322 0.1837 0.9767 0.0292 0.1212 0.6849 0.5556 0.0240 0.0334 0.0447 0.0207 0.0649 0.0944 0.1391 0.2004
0.0483 0.9656 0.9451 0.0260 0.0258 0.0377 0.9384 0.0249 0.0231 0.9030 0.0321 0.0204 0.0411 0.0205 0.0220 0.0276 0.0257 0.0276 0.0350 0.2143 0.3099 0.0435 0.0441 0.1081 0.1688 0.9671 0.0314 0.0857 0.6940 0.5188 0.0302 0.0294 0.0691 0.0195 0.0746 0.0644 0.1092 0.1137
0.0249 0.9667 0.9632 0.0282 0.0307 0.0517 0.9468 0.0234 0.0176 0.9168 0.0211 0.0289 0.0395 0.0168 0.0233 0.0244 0.0257 0.0156 0.0340 0.1887 0.3360 0.0502 0.0400 0.1055 0.1353 0.9769 0.0248 0.0857 0.5951 0.6571 0.0422 0.0232 0.0427 0.0287 0.0640 0.0835 0.1517 0.1139
0.0284 0.9645 0.9569 0.0257 0.0354 0.0335 0.9576 0.0142 0.0197 0.9348 0.0253 0.0254 0.0182 0.0273 0.0309 0.0149 0.0330 0.0208 0.0382 0.2874 0.2581 0.0438 0.0409 0.0873 0.1550 0.9770 0.0229 0.0925 0.6327 0.6305 0.0265 0.0273 0.0458 0.0298 0.0609 0.0611 0.1138 0.1363
0.0237 0.9622 0.9597 0.0328 0.0270 0.0232 0.9353 0.0252 0.0306 0.9200 0.0339 0.0246 0.0289 0.0275 0.0213 0.0444 0.0561 0.0292 0.0213 0.2270 0.2988 0.0401 0.0515 0.0899 0.1604 0.9783 0.0390 0.1261 0.6492 0.6289 0.0378 0.0260 0.0592 0.0411 0.0771 0.0813 0.1317 0.1531
0.0249 0.9667 0.9477 0.0281 0.0242 0.0239 0.9355 0.0197 0.0208 0.9017 0.0223 0.0257 0.0299 0.0394 0.0213 0.0261 0.0270 0.0258 0.0260 0.1964 0.2600 0.0466 0.0435 0.0835 0.1356 0.9708 0.0385 0.1129 0.5509 0.5576 0.0193 0.0321 0.0438 0.0339 0.0645 0.0804 0.1369 0.1384
0.0391 0.9764 0.9636 0.0287 0.0226 0.0303 0.9557 0.0195 0.0178 0.9047 0.0326 0.0341 0.0369 0.0191 0.0244 0.0254 0.0213 0.0198 0.0327 0.2332 0.2534 0.0508 0.0429 0.1346 0.1780 0.9685 0.0249 0.1114 0.6710 0.6174 0.0400 0.0278 0.0516 0.0268 0.0701 0.0621 0.1433 0.1126
0.0323 0.9543 0.9608 0.0490 0.0225 0.0220 0.9228 0.0218 0.0304 0.9342 0.0365 0.0303 0.0294 0.0250 0.0197 0.0297 0.0252 0.0236 0.0295 0.1588 0.2576 0.0329 0.0395 0.0834 0.1440 0.9749 0.0227 0.0964 0.6341 0.6310 0.0235 0.0279 0.0339 0.0216 0.1169 0.0868 0.1480 0.1252
0.0270 0.9756 0.9705 0.0232 0.0181 0.0485 0.9479 0.0230 0.0217 0.9132 0.0198 0.0417 0.0176 0.0350 0.0360 0.0257 0.0247 0.0277 0.0238 0.1995 0.2128 0.0490 0.0437 0.1095 0.1829 0.9739 0.0311 0.1382 0.6463 0.7308 0.0196 0.0185 0.0387 0.0248 0.0488 0.0547 0.1315 0.1194
0.0366 0.9662 0.9399 0.0190 0.0294 0.0308 0.9575 0.0281 0.0350 0.8910 0.0189 0.0250 0.0269 0.0369 0.0292 0.0246 0.0226 0.0259 0.0252 0.2995 0.2856 0.0504 0.0389 0.0951 0.1431 0.9759 0.0305 0.1071 0.6553 0.6496 0.0282 0.0276 0.0542 0.0293 0.1008 0.0735 0.1174 0.1538
0.0302 0.9734 0.9549 0.0208 0.0339 0.0212 0.9423 0.0208 0.0281 0.9185 0.0191 0.0283 0.0279 0.0221 0.0282 0.0320 0.0286 0.0176 0.0296 0.3083 0.2837 0.0370 0.0450 0.0983 0.1516 0.9598 0.0229 0.0765 0.6186 0.5778 0.0319 0.0274 0.0445 0.0170 0.0649 0.0656 0.1433 0.1245
0.0326 0.9641 0.9491 0.0171 0.0171 0.0295 0.9562 0.0225 0.0174 0.9046 0.0190 0.0232 0.0266 0.0201 0.0185 0.0179 0.0262 0.0239 0.0222 0.2680 0.2832 0.0644 0.0393 0.1456 0.1686 0.9806 0.0285 0.0796 0.6000 0.6301 0.0286 0.0292 0.0410 0.0274 0.0884 0.0657 0.1890 0.1103
0.0314 0.9725 0.9445 0.0202 0.0261 0.0181 0.9481 0.0283 0.0337 0.9272 0.0316 0.0212 0.0238 0.0256 0.0215 0.0320 0.0258 0.0188 0.0186 0.1649 0.2544 0.0671 0.0463 0.1053 0.2227 0.9680 0.0329 0.1021 0.5698 0.6869 0.0188 0.0281 0.0418 0.0342 0.0750 0.0847 0.1420 0.1697
0.0358 0.9674 0.9559 0.0348 0.0330 0.0244 0.9488 0.0318 0.0350 0.9107 0.0321 0.0270 0.0176 0.0239 0.0318 0.0224 0.0171 0.0181 0.0269 0.2861 0.2199 0.0613 0.0302 0.1050 0.1818 0.9681 0.0335 0.1118 0.4915 0.6461 0.0416 0.0197 0.0487 0.0290 0.0698 0.0705 0.1438 0.1364
0.0373 0.9557 0.9718 0.0249 0.0291 0.0402 0.9411 0.0289 0.0156 0.9026 0.0181 0.0314 0.0260 0.0352 0.0265 0.0423 0.0531 0.0195 0.0268 0.1435 0.2704 0.0426 0.0503 0.1095 0.1655 0.9768 0.0219 0.0678 0.6723 0.6093 0.0272 0.0362 0.0368 0.0380 0.0998 0.0646 0.1157 0.1944
0.0386 0.9571 0.9457 0.0178 0.0264 0.0326 0.9750 0.0296 0.0181 0.9271 0.0264 0.0544 0.0242 0.0329 0.0211 0.0202 0.0310 0.0205 0.0300 0.2318 0.2384 0.0632 0.0460 0.1144 0.1362 0.9655 0.0333 0.0902 0.5481 0.6317 0.0282 0.0365 0.0391 0.0227 0.0929 0.1056 0.1418 0.1743
0.0433 0.9671 0.9399 0.0327 0.0244 0.0244 0.9239 0.0179 0.0195 0.8575 0.0346 0.0238 0.0366 0.0350 0.0301 0.0226 0.0323 0.0248 0.0320 0.2541 0.2891 0.0385 0.0343 0.1254 0.1801 0.9733 0.0534 0.1083 0.7100 0.6141 0.0283 0.0235 0.0287 0.0204 0.0879 0.0521 0.1290 0.1597
0.0455 0.9692 0.9358 0.0248 0.0225 0.0242 0.9483 0.0390 0.0231 0.9223 0.0285 0.0388 0.0353 0.0221 0.0380 0.0285 0.0231 0.0265 0.0304 0.2691 0.2780 0.0501 0.0499 0.1341 0.1587 0.9787 0.0314 0.1025 0.5486 0.6219 0.0269 0.0266 0.0586 0.0370 0.0660 0.0708 0.1479 0.1219
0.0323 0.9779 0.9593 0.0178 0.0241 0.0323 0.9528 0.0233 0.0219 0.8988 0.0214 0.0479 0.0288 0.0426 0.0189 0.0179 0.0238 0.0188 0.0409 0.2436 0.2186 0.0251 0.0527 0.1127 0.1486 0.9689 0.0256 0.1129 0.6699 0.6274 0.0201 0.0225 0.0435 0.0159 0.0843 0.0510 0.1656 0.1329
0.0330 0.9657 0.9485 0.0308 0.0348 0.0226 0.9310 0.0274 0.0268 0.9274 0.0381 0.0185 0.0212 0.0356 0.0182 0.0286 0.0274 0.0291 0.0289 0.2719 0.2649 0.0552 0.0689 0.0888 0.1290 0.9771 0.0452 0.1142 0.6332 0.6458 0.0412 0.0406 0.0264 0.0254 0.0549 0.0749 0.1589 0.1666
0.0319 0.9669 0.9449 0.0273 0.0267 0.0330 0.9527 0.0325 0.0210 0.8889 0.0261 0.0271 0.0303 0.0300 0.0343 0.0205 0.0287 0.0311 0.0192 0.2842 0.2419 0.0399 0.0433 0.0960 0.1512 0.9699 0.0250 0.1337 0.6301 0.5244 0.0318 0.0355 0.0645 0.0279 0.0528 0.0662 0.1459 0.2013
0.0304 0.9445 0.9513 0.0222 0.0168 0.0366 0.9619 0.0210 0.0137 0.9300 0.0344 0.0284 0.0273 0.0262 0.0219 0.0292 0.0236 0.0265 0.0277 0.2109 0.2376 0.0495 0.0469 0.1448 0.2494 0.9824 0.0256 0.1178 0.6067 0.6502 0.0284 0.0261 0.0355 0.0312 0.0659 0.0691 0.1144 0.1250
0.0228 0.9627 0.9719 0.0280 0.0167 0.0172 0.9511 0.0213 0.0255 0.9301 0.0175 0.0361 0.0239 0.0296 0.0280 0.0392 0.0426 0.0289 0.0247 0.2582 0.2960 0.0481 0.0362 0.1124 0.1651 0.9790 0.0315 0.1209 0.6489 0.5618 0.0271 0.0236 0.0468 0.0214 0.0661 0.0707 0.1172 0.1489
0.0271 0.9579 0.9641 0.0280 0.0192 0.0229 0.9264 0.0277 0.0223 0.9134 0.0314 0.0218 0.0312 0.0188 0.0218 0.0334 0.0279 0.0213 0.0303 0.2516 0.2661 0.0648 0.0418 0.1254 0.1577 0.9689 0.0397 0.0973 0.5883 0.6768 0.0244 0.0277 0.0223 0.0278 0.0692 0.0737 0.1605 0.1302
0.0262 0.9659 0.9511 0.0193 0.0298 0.0276 0.9727 0.0217 0.0206 0.8993 0.0406 0.0307 0.0259 0.0239 0.0249 0.0246 0.0351 0.0235 0.0374 0.1804 0.2655 0.0510 0.0526 0.0806 0.1234 0.9606 0.0481 0.0898 0.5634 0.6050 0.0269 0.0351 0.0896 0.0360 0.0701 0.0510 0.1678 0.1479
0.0360 0.9755 0.9568 0.0282 0.0283 0.0355 0.9311 0.0291 0.0346 0.9129 0.0247 0.0287 0.0340 0.0224 0.0282 0.0269 0.0226 0.0234 0.0188 0.2549 0.2031 0.0463 0.0386 0.0955 0.1394 0.9662 0.0386 0.1054 0.5849 0.6727 0.0274 0.0233 0.0344 0.0213 0.0668 0.0891 0.1451 0.1183
0.0383 0.9621 0.9608 0.0298 0.0218 0.0260 0.9640 0.0203 0.0178 0.9003 0.0207 0.0242 0.0216 0.0257 0.0198 0.0334 0.0239 0.0254 0.0216 0.1683 0.2205 0.0349 0.0355 0.0883 0.1544 0.9657 0.0354 0.1061 0.7154 0.5329 0.0244 0.0213 0.0451 0.0308 0.0520 0.0649 0.1295 0.1490
0.0205 0.9650 0.9624 0.0210 0.0336 0.0250 0.9252 0.0284 0.0203 0.9125 0.0371 0.0372 0.0208 0.0445 0.0290 0.0260 0.0258 0.0218 0.0164 0.2490 0.2829 0.0683 0.0620 0.1033 0.1553 0.9717 0.0297 0.1085 0.5604 0.6278 0.0306 0.0241 0.0373 0.0181 0.0675 0.0795 0.1284 0.1316
0.0356 0.9753 0.9515 0.0269 0.0266 0.0267 0.9405 0.0324 0.0264 0.9421 0.0262 0.0308 0.0224 0.0236 0.0257 0.0167 0.0256 0.0209 0.0201 0.2808 0.2034 0.0509 0.0266 0.1168 0.1775 0.9601 0.0207 0.1043 0.5544 0.5740 0.0322 0.0212 0.0437 0.0239 0.0674 0.0791 0.1900 0.1490
0.0255 0.9598 0.9562 0.0297 0.0357 0.0311 0.9485 0.0362 0.0362 0.8981 0.0319 0.0324 0.0267 0.0295 0.0170 0.0420 0.0338 0.0285 0.0268 0.2173 0.1999 0.0618 0.0441 0.1200 0.1457 0.9699 0.0423 0.1328 0.5928 0.6570 0.0238 0.0486 0.0488 0.0358 0.0513 0.0630 0.2182 0.1923
0.0301 0.9753 0.9661 0.0234 0.0280 0.0282 0.9255 0.0229 0.0338 0.8625 0.0305 0.0291 0.0297 0.0296 0.0251 0.0230 0.0174 0.0318 0.0262 0.2380 0.1823 0.0416 0.0376 0.1365 0.1788 0.9806 0.0356 0.0943 0.6370 0.6616 0.0361 0.0229 0.0426 0.0301 0.0803 0.0622 0.1621 0.1309
0.0306 0.9666 0.9589 0.0458 0.0457 0.0252 0.9172 0.0385 0.0264 0.9026 0.0444 0.0237 0.0301 0.0257 0.0410 0.0235 0.0299 0.0339 0.0327 0.2261 0.2579 0.0355 0.0689 0.1284 0.1811 0.9765 0.0215 0.0977 0.7113 0.5537 0.0338 0.0243 0.0361 0.0390 0.0678 0.0752 0.1004 0.1389
0.0271 0.9719 0.9696 0.0237 0.0205 0.0212 0.9368 0.0260 0.0208 0.9221 0.0327 0.0266 0.0463 0.0208 0.0352 0.0185 0.0313 0.0196 0.0322 0.1848 0.2776 0.0534 0.0499 0.1236 0.1362 0.9796 0.0302 0.0941 0.6698 0.5098 0.0254 0.0237 0.0548 0.0279 0.0816 0.0555 0.1722 0.1181
0.0343 0.9643 0.9560 0.0304 0.0276 0.0329 0.9451 0.0285 0.0270 0.8894 0.0275 0.0254 0.0366 0.0283 0.0266 0.0174 0.0192 0.0158 0.0303 0.2089 0.2664 0.0377 0.0410 0.0702 0.1482 0.9816 0.0351 0.1496 0.6685 0.6266 0.0225 0.0247 0.0292 0.0300 0.0754 0.0587 0.1953 0.1355
0.0229 0.9663 0.9558 0.0235 0.0383 0.0213 0.9500 0.0194 0.0381 0.8931 0.0196 0.0337 0.0311 0.0371 0.0314 0.0218 0.0182 0.0232 0.0198 0.1827 0.2756 0.0479 0.0546 0.1346 0.1542 0.9680 0.0269 0.0774 0.6471 0.5345 0.0214 0.0327 0.0549 0.0282 0.0686 0.0676 0.1295 0.1714
0.0379 0.9640 0.9513 0.0263 0.0339 0.0223 0.9528 0.0213 0.0393 0.9412 0.0458 0.0329 0.0394 0.0185 0.0261 0.0253 0.0197 0.0240 0.0271 0.2248 0.3123 0.0425 0.0452 0.1274 0.1658 0.9744 0.0415 0.1117 0.5092 0.6191 0.0373 0.0197 0.0367 0.0308 0.0701 0.0697 0.1793 0.1520
0.0287 0.9735 0.9618 0.0293 0.0292 0.0338 0.9247 0.0200 0.0375 0.8759 0.0232 0.0275 0.0307 0.0343 0.0247 0.0259 0.0198 0.0325 0.0305 0.3230 0.2604 0.0476 0.0444 0.1120 0.1230 0.9704 0.0447 0.1115 0.6654 0.5557 0.0243 0.0267 0.0411 0.0279 0.0792 0.0666 0.1308 0.1526
0.0348 0.9725 0.9342 0.0297 0.0237 0.0219 0.9479 0.0169 0.0260 0.9359 0.0207 0.0273 0.0178 0.0362 0.0133 0.0281 0.0238 0.0295 0.0288 0.2443 0.2661 0.0433 0.0440 0.0753 0.1532 0.9598 0.0438 0.1004 0.6244 0.6651 0.0301 0.0258 0.0450 0.0397 0.0412 0.0708 0.1548 0.1497
0.0263 0.9583 0.9491 0.0231 0.0231 0.0270 0.9321 0.0246 0.0307 0.9131 0.0194 0.0269 0.0293 0.0283 0.0214 0.0275 0.0344 0.0205 0.0236 0.2218 0.3002 0.0409 0.0371 0.1025 0.1776 0.9745 0.0211 0.1334 0.6586 0.6912 0.0202 0.0228 0.0410 0.0368 0.0685 0.0673 0.1756 0.1478
0.0227 0.9829 0.9509 0.0256 0.0348 0.0219 0.9506 0.0266 0.0221 0.8827 0.0179 0.0256 0.0247 0.0144 0.0325 0.0242 0.0259 0.0233 0.0285 0.2573 0.2881 0.0443 0.0255 0.1610 0.1706 0.9803 0.0268 0.1176 0.5671 0.6546 0.0276 0.0264 0.0439 0.0235 0.0697 0.0767 0.1582 0.1643
0.0332 0.9579 0.9585 0.0257 0.0379 0.0267 0.9418 0.0196 0.0234 0.8821 0.0301 0.0412 0.0283 0.0383 0.0275 0.0277 0.0253 0.0299 0.0256 0.1891 0.3033 0.0340 0.0624 0.0992 0.1446 0.9710 0.0390 0.0894 0.6081 0.6228 0.0275 0.0299 0.0460 0.0233 0.1007 0.0632 0.1789 0.1238
0.0217 0.9725 0.9699 0.0149 0.0136 0.0286 0.9625 0.0279 0.0309 0.9240 0.0287 0.0284 0.0229 0.0171 0.0188 0.0385 0.0202 0.0265 0.0251 0.2600 0.2747 0.0364 0.0294 0.1268 0.2001 0.9785 0.0323 0.1391 0.6272 0.6028 0.0275 0.0377 0.0296 0.0199 0.0703 0.0539 0.1054 0.1688
0.0281 0.9566 0.9518 0.0322 0.0305 0.0152 0.9357 0.0218 0.0203 0.9231 0.0255 0.0261 0.0296 0.0169 0.0230 0.0201 0.0358 0.0282 0.0200 0.2941 0.2351 0.0500 0.0315 0.1156 0.1249 0.9787 0.0445 0.1003 0.5999 0.5937 0.0281 0.0255 0.0559 0.0223 0.0610 0.0585 0.1291 0.1156
0.0179 0.9798 0.9740 0.0233 0.0268 0.0207 0.9625 0.0191 0.0313 0.9064 0.0225 0.0322 0.0193 0.0195 0.0197 0.0360 0.0217 0.0149 0.0216 0.2488 0.2290 0.0528 0.0286 0.0539 0.1398 0.9786 0.0284 0.1200 0.5117 0.6915 0.0267 0.0237 0.0339 0.0271 0.0709 0.0647 0.1422 0.1457
0.0253 0.9595 0.9554 0.0257 0.0489 0.0288 0.9491 0.0345 0.0198 0.8974 0.0180 0.0388 0.0329 0.0223 0.0223 0.0416 0.0211 0.0272 0.0341 0.2244 0.2729 0.0446 0.0584 0.1245 0.2135 0.9586 0.0213 0.1043 0.5936 0.6306 0.0288 0.0351 0.0335 0.0195 0.0968 0.0808 0.1566 0.1756
0.0375 0.9651 0.9440 0.0499 0.0398 0.0279 0.9384 0.0255 0.0216 0.9299 0.0233 0.0257 0.0287 0.0285 0.0259 0.0372 0.0234 0.0201 0.0397 0.2432 0.2195 0.0568 0.0536 0.1298 0.1556 0.9790 0.0342 0.1101 0.6602 0.6054 0.0441 0.0287 0.0519 0.0295 0.0611 0.0577 0.1306 0.1289
0.0309 0.9736 0.9401 0.0363 0.0359 0.0230 0.9413 0.0207 0.0352 0.9013 0.0329 0.0341 0.0201 0.0180 0.0324 0.0240 0.0261 0.0231 0.0208 0.2487 0.2465 0.0519 0.0582 0.1379 0.1440 0.9705 0.0376 0.1009 0.5421 0.6059 0.0363 0.0284 0.0510 0.0270 0.0949 0.0535 0.1288 0.1543
0.0252 0.9796 0.9637 0.0281 0.0482 0.0309 0.9672 0.0380 0.0330 0.9043 0.0296 0.0330 0.0236 0.0246 0.0291 0.0226 0.0327 0.0245 0.0407 0.2314 0.2574 0.0410 0.0490 0.0844 0.1837 0.9684 0.0255 0.1094 0.5909 0.5767 0.0263 0.0288 0.0393 0.0256 0.0968 0.0775 0.1619 0.1558
0.0271 0.9755 0.9537 0.0431 0.0294 0.0245 0.9329 0.0403 0.0243 0.8909 0.0374 0.0151 0.0298 0.0232 0.0248 0.0262 0.0200 0.0223 0.0245 0.2246 0.2633 0.0448 0.0549 0.1268 0.1798 0.9737 0.0281 0.0841 0.5762 0.6682 0.0372 0.0254 0.0321 0.0345 0.0609 0.0947 0.1382 0.1409
0.0251 0.9675 0.9636 0.0290 0.0280 0.0207 0.9534 0.0243 0.0279 0.9027 0.0293 0.0334 0.0310 0.0221 0.0224 0.0224 0.0259 0.0178 0.0239 0.2096 0.3003 0.0517 0.0521 0.1025 0.1450 0.9709 0.0296 0.1027 0.5798 0.6375 0.0316 0.0262 0.0485 0.0319 0.0684 0.0501 0.1304 0.1580
0.0509 0.9722 0.9651 0.0298 0.0270 0.0249 0.9366 0.0218 0.0317 0.9102 0.0257 0.0386 0.0222 0.0283 0.0252 0.0211 0.0293 0.0242 0.0266 0.2132 0.2113 0.0745 0.0521 0.1038 0.1466 0.9788 0.0330 0.0592 0.6703 0.6586 0.0286 0.0351 0.0452 0.0270 0.0551 0.0691 0.0959 0.1831
0.0314 0.9747 0.9694 0.0398 0.0216 0.0263 0.9569 0.0294 0.0371 0.9429 0.0293 0.0318 0.0306 0.0156 0.0201 0.0320 0.0195 0.0180 0.0323 0.2673 0.2154 0.0441 0.0515 0.1221 0.1460 0.9741 0.0279 0.0815 0.6192 0.6223 0.0289 0.0349 0.0481 0.0226 0.0581 0.0662 0.1614 0.1531
0.0501 0.9697 0.9521 0.0227 0.0266 0.0312 0.9481 0.0360 0.0196 0.9240 0.0174 0.0282 0.0271 0.0248 0.0365 0.0252 0.0337 0.0302 0.0236 0.2314 0.2084 0.0354 0.0499 0.1189 0.2064 0.9676 0.0339 0.1337 0.6419 0.6772 0.0265 0.0225 0.0384 0.0351 0.0843 0.0672 0.1570 0.1563
0.0476 0.9719 0.9566 0.0287 0.0244 0.0430 0.9461 0.0268 0.0228 0.8913 0.0245 0.0257 0.0252 0.0322 0.0358 0.0331 0.0316 0.0307 0.0282 0.2725 0.2800 0.0359 0.0659 0.1402 0.1915 0.9853 0.0306 0.1028 0.6155 0.6655 0.0251 0.0295 0.0568 0.0377 0.0522 0.0679 0.1587 0.1272
0.0359 0.9642 0.9398 0.0281 0.0188 0.0231 0.9347 0.0290 0.0236 0.9191 0.0328 0.0304 0.0246 0.0329 0.0266 0.0445 0.0309 0.0234 0.0328 0.2016 0.2065 0.0420 0.0420 0.1256 0.1865 0.9618 0.0324 0.0962 0.5731 0.6242 0.0245 0.0369 0.0470 0.0295 0.0702 0.0865 0.1481 0.1368
0.0392 0.9586 0.9640 0.0368 0.0317 0.0259 0.9647 0.0251 0.0272 0.8992 0.0227 0.0319 0.0310 0.0395 0.0190 0.0146 0.0228 0.0375 0.0262 0.2639 0.2460 0.0453 0.0605 0.1041 0.1489 0.9765 0.0213 0.1207 0.6491 0.5943 0.0271 0.0402 0.0333 0.0329 0.0781 0.0674 0.1392 0.1252
0.0189 0.9736 0.9591 0.0273 0.0259 0.0179 0.9651 0.0223 0.0262 0.9202 0.0282 0.0195 0.0316 0.0292 0.0219 0.0239 0.0192 0.0278 0.0241 0.2255 0.2380 0.0418 0.0380 0.1138 0.1819 0.9624 0.0394 0.0798 0.6620 0.6305 0.0244 0.0355 0.0412 0.0245 0.0714 0.0884 0.1055 0.1705
0.0371 0.9556 0.9538 0.0297 0.0371 0.0258 0.9241 0.0289 0.0185 0.8638 0.0252 0.0234 0.0368 0.0216 0.0192 0.0306 0.0225 0.0250 0.0386 0.2709 0.2146 0.0437 0.0615 0.0903 0.1758 0.9596 0.0372 0.0882 0.6334 0.5053 0.0380 0.0247 0.0238 0.0409 0.0804 0.0570 0.1758 0.1575
0.0313 0.9678 0.9527 0.0235 0.0225 0.0361 0.9393 0.0272 0.0234 0.9109 0.0290 0.0408 0.0243 0.0325 0.0284 0.0236 0.0299 0.0230 0.0199 0.1716 0.2122 0.0628 0.0577 0.0980 0.1931 0.9740 0.0378 0.1545 0.5627 0.5335 0.0203 0.0176 0.0632 0.0377 0.0683 0.0720 0.1316 0.1251
0.0258 0.9536 0.9629 0.0267 0.0330 0.0231 0.9390 0.0247 0.0323 0.9123 0.0265 0.0181 0.0261 0.0365 0.0279 0.0194 0.0368 0.0318 0.0307 0.2651 0.2008 0.0407 0.0461 0.1115 0.1658 0.9761 0.0639 0.1358 0.6212 0.6496 0.0324 0.0279 0.0419 0.0327 0.0763 0.0549 0.1397 0.1165
0.0318 0.9710 0.9287 0.0248 0.0418 0.0247 0.9352 0.0169 0.0174 0.8977 0.0439 0.0319 0.0233 0.0281 0.0316 0.0454 0.0266 0.0177 0.0186 0.1833 0.2882 0.0725 0.0520 0.1218 0.1913 0.9693 0.0328 0.1342 0.6248 0.5963 0.0259 0.0293 0.0542 0.0271 0.0540 0.0783 0.1611 0.1630
0.0304 0.9619 0.9592 0.0304 0.0256 0.0211 0.9503 0.0250 0.0232 0.9164 0.0357 0.0276 0.0222 0.0366 0.0378 0.0200 0.0151 0.0300 0.0365 0.1909 0.2321 0.0463 0.0309 0.1312 0.1883 0.9798 0.0277 0.1255 0.6494 0.6065 0.0399 0.0291 0.0553 0.0224 0.0508 0.0532 0.1375 0.1480
0.0274 0.9701 0.9293 0.0409 0.0375 0.0198 0.9469 0.0278 0.0365 0.9196 0.0332 0.0312 0.0376 0.0264 0.0284 0.0268 0.0191 0.0186 0.0217 0.2056 0.2177 0.0380 0.0299 0.0836 0.1774 0.9767 0.0539 0.1508 0.5828 0.6634 0.0325 0.0199 0.0333 0.0260 0.0653 0.0672 0.1277 0.1079
0.0322 0.9690 0.9554 0.0176 0.0338 0.0267 0.9215 0.0287 0.0184 0.9070 0.0250 0.0171 0.0233 0.0162 0.0301 0.0237 0.0210 0.0177 0.0328 0.1467 0.2214 0.0392 0.0552 0.1078 0.1184 0.9742 0.0293 0.0939 0.5432 0.6498 0.0167 0.0269 0.0353 0.0261 0.0644 0.0660 0.1453 0.1142
0.0314 0.9682 0.9694 0.0251 0.0184 0.0252 0.9321 0.0243 0.0188 0.9228 0.0266 0.0351 0.0275 0.0283 0.0340 0.0290 0.0188 0.0267 0.0254 0.2075 0.2446 0.0580 0.0393 0.1066 0.1820 0.9751 0.0403 0.0689 0.6806 0.5627 0.0195 0.0319 0.0331 0.0267 0.0420 0.0677 0.1466 0.1044
0.0304 0.9762 0.9412 0.0331 0.0263 0.0278 0.9412 0.0271 0.0285 0.9161 0.0206 0.0257 0.0287 0.0321 0.0204 0.0311 0.0244 0.0346 0.0425 0.2270 0.3038 0.0446 0.0406 0.0966 0.1718 0.9672 0.0330 0.0866 0.6253 0.6171 0.0291 0.0412 0.0481 0.0379 0.0783 0.0775 0.1545 0.1529
0.0344 0.9633 0.9723 0.0273 0.0200 0.0350 0.9349 0.0459 0.0208 0.8927 0.0250 0.0341 0.0313 0.0425 0.0308 0.0224 0.0252 0.0308 0.0259 0.2267 0.2154 0.0395 0.0598 0.1395 0.1845 0.9603 0.0340 0.0988 0.6097 0.5252 0.0304 0.0238 0.0399 0.0263 0.0843 0.0972 0.1421 0.1366
0.0207 0.9674 0.9417 0.0236 0.0202 0.0241 0.9608 0.0246 0.0145 0.9083 0.0316 0.0246 0.0355 0.0170 0.0238 0.0252 0.0223 0.0254 0.0332 0.1904 0.3227 0.0509 0.0294 0.1108 0.1676 0.9718 0.0347 0.1299 0.5514 0.6404 0.0283 0.0269 0.0625 0.0202 0.0721 0.0869 0.1544 0.1477
0.0449 0.9662 0.9541 0.0190 0.0162 0.0284 0.9559 0.0295 0.0220 0.9151 0.0181 0.0264 0.0260 0.0271 0.0267 0.0386 0.0411 0.0314 0.0318 0.2080 0.3672 0.0507 0.0382 0.1043 0.1612 0.9792 0.0245 0.1395 0.6279 0.5881 0.0274 0.0356 0.0455 0.0220 0.0930 0.0630 0.1325 0.1518
0.0437 0.9665 0.9297 0.0331 0.0265 0.0232 0.9458 0.0261 0.0291 0.9235 0.0203 0.0180 0.0239 0.0260 0.0423 0.0335 0.0297 0.0316 0.0315 0.2405 0.3780 0.0808 0.0424 0.1181 0.1731 0.9554 0.0387 0.0954 0.6133 0.5671 0.0418 0.0272 0.0425 0.0194 0.1128 0.1081 0.1380 0.1206
0.0252 0.9657 0.9488 0.0216 0.0285 0.0251 0.9637 0.0214 0.0174 0.9355 0.0210 0.0254 0.0200 0.0447 0.0287 0.0314 0.0197 0.0196 0.0352 0.2356 0.3086 0.0500 0.0583 0.1024 0.1852 0.9767 0.0249 0.0868 0.6786 0.7092 0.0242 0.0297 0.0450 0.0231 0.0740 0.0762 0.1513 0.1400
0.0296 0.9693 0.9509 0.0589 0.0212 0.0261 0.9015 0.0197 0.0235 0.8868 0.0478 0.0277 0.0340 0.0235 0.0277 0.0294 0.0264 0.0196 0.0284 0.2462 0.2358 0.0512 0.0469 0.1210 0.1288 0.9807 0.0258 0.1082 0.6058 0.5811 0.0327 0.0281 0.0352 0.0287 0.0858 0.0440 0.2111 0.1295
0.0256 0.9598 0.9471 0.0285 0.0194 0.0239 0.9354 0.0256 0.0218 0.9319 0.0230 0.0172 0.0245 0.0273 0.0274 0.0221 0.0294 0.0166 0.0262 0.2336 0.2469 0.0418 0.0546 0.0913 0.1344 0.9714 0.0372 0.0688 0.6184 0.6219 0.0282 0.0249 0.0446 0.0219 0.0550 0.0613 0.1609 0.1354
0.0400 0.9664 0.9529 0.0242 0.0255 0.0216 0.9476 0.0287 0.0263 0.9233 0.0228 0.0324 0.0265 0.0360 0.0238 0.0287 0.0160 0.0263 0.0276 0.2629 0.2845 0.0459 0.0406 0.0922 0.1549 0.9775 0.0274 0.0963 0.6267 0.6369 0.0409 0.0295 0.0541 0.0269 0.0578 0.0434 0.1669 0.1218
0.0438 0.9592 0.9622 0.0293 0.0219 0.0301 0.9520 0.0213 0.0304 0.8795 0.0276 0.0365 0.0316 0.0263 0.0245 0.0254 0.0255 0.0195 0.0319 0.1791 0.2023 0.0516 0.0584 0.1056 0.1839 0.9495 0.0422 0.1049 0.5177 0.6016 0.0414 0.0304 0.0419 0.0257 0.0509 0.0829 0.1645 0.1071
0.0299 0.9714 0.9414 0.0277 0.0269 0.0214 0.9613 0.0404 0.0189 0.9173 0.0320 0.0283 0.0320 0.0189 0.0266 0.0301 0.0318 0.0235 0.0318 0.2187 0.2735 0.0353 0.0450 0.1401 0.1203 0.9744 0.0406 0.1411 0.5934 0.5508 0.0239 0.0248 0.0602 0.0232 0.0805 0.0539 0.1422 0.1898
0.0348 0.9617 0.9625 0.0327 0.0204 0.0196 0.9607 0.0234 0.0280 0.9121 0.0239 0.0377 0.0264 0.0291 0.0252 0.0199 0.0227 0.0315 0.0194 0.2695 0.2777 0.0415 0.0461 0.1072 0.1694 0.9678 0.0330 0.1017 0.5526 0.5979 0.0260 0.0369 0.0428 0.0266 0.0786 0.0597 0.1579 0.1605
0.0395 0.9738 0.9503 0.0213 0.0312 0.0344 0.9294 0.0148 0.0184 0.9047 0.0291 0.0279 0.0242 0.0346 0.0229 0.0205 0.0272 0.0241 0.0401 0.2021 0.1949 0.0488 0.0580 0.0865 0.1830 0.9780 0.0419 0.1107 0.6795 0.7005 0.0271 0.0160 0.0332 0.0207 0.0842 0.0580 0.1199 0.1270
0.0196 0.9606 0.9576 0.0264 0.0432 0.0405 0.9475 0.0203 0.0289 0.9175 0.0151 0.0334 0.0354 0.0268 0.0272 0.0370 0.0183 0.0262 0.0337 0.2586 0.2245 0.0441 0.0305 0.1115 0.0930 0.9783 0.0379 0.0961 0.6420 0.6592 0.0269 0.0371 0.0386 0.0410 0.0493 0.0541 0.1401 0.2094
0.0343 0.9709 0.9472 0.0367 0.0307 0.0152 0.9106 0.0335 0.0225 0.9387 0.0288 0.0228 0.0174 0.0444 0.0336 0.0321 0.0280 0.0259 0.0311 0.2273 0.2734 0.0515 0.0585 0.1100 0.1975 0.9687 0.0469 0.0896 0.6236 0.6383 0.0294 0.0358 0.0692 0.0282 0.0633 0.0588 0.1468 0.1548
0.0313 0.9613 0.9516 0.0313 0.0450 0.0213 0.9169 0.0165 0.0187 0.9197 0.0439 0.0489 0.0385 0.0366 0.0273 0.0224 0.0339 0.0244 0.0193 0.2782 0.1907 0.0331 0.0591 0.1159 0.1988 0.9785 0.0346 0.1498 0.5478 0.6140 0.0401 0.0219 0.0316 0.0342 0.0649 0.0972 0.1640 0.1648
