0.5894 0.0041 0.0042 0.0022 0.0016 0.0021 0.0024 0.0031 0.0027 0.0019 0.0022 0.0015 0.0020 0.0018 0.0029 0.0022 0.0029 0.0025 0.0029 0.0072 0.9795 0.0026 0.0022 0.9966 0.0014 0.9940 0.0077 0.0019 0.9826 0.9882 0.2732 0.7167 0.9418 0.0011 0.0020 0.0019 0.9528 0.9960
0.5572 0.0044 0.0043 0.0023 0.0029 0.0024 0.0048 0.0036 0.0049 0.0034 0.0018 0.0025 0.0025 0.0022 0.0025 0.0026 0.0021 0.0023 0.0039 0.0177 0.9721 0.0018 0.0022 0.9948 0.0023 0.9948 0.0058 0.0030 0.9806 0.9857 0.3207 0.6700 0.9462 0.0025 0.0031 0.0023 0.9078 0.9943
0.5802 0.0064 0.0065 0.0025 0.0027 0.0027 0.0033 0.0020 0.0044 0.0015 0.0022 0.0020 0.0018 0.0014 0.0025 0.0035 0.0019 0.0034 0.0033 0.0141 0.9758 0.0025 0.0021 0.9951 0.0024 0.9943 0.0035 0.0027 0.9727 0.9816 0.3561 0.7142 0.9440 0.0026 0.0018 0.0021 0.9406 0.9940
0.5710 0.0065 0.0110 0.0020 0.0018 0.0013 0.0042 0.0022 0.0065 0.0040 0.0022 0.0023 0.0018 0.0029 0.0030 0.0029 0.0029 0.0022 0.0030 0.0129 0.9646 0.0033 0.0022 0.9945 0.0028 0.9948 0.0043 0.0021 0.9821 0.9725 0.4022 0.7286 0.9325 0.0023 0.0027 0.0029 0.9393 0.9960
0.5433 0.0091 0.0092 0.0035 0.0037 0.0032 0.0030 0.0033 0.0058 0.0018 0.0039 0.0021 0.0027 0.0041 0.0048 0.0028 0.0032 0.0027 0.0031 0.0185 0.9771 0.0039 0.0016 0.9942 0.0022 0.9957 0.0054 0.0037 0.9839 0.9803 0.3582 0.7284 0.9574 0.0024 0.0037 0.0025 0.9385 0.9911
0.5801 0.0038 0.0061 0.0022 0.0021 0.0020 0.0026 0.0024 0.0051 0.0019 0.0027 0.0018 0.0019 0.0026 0.0025 0.0023 0.0020 0.0028 0.0024 0.0107 0.9821 0.0026 0.0028 0.9977 0.0027 0.9952 0.0041 0.0018 0.9826 0.9845 0.3445 0.7559 0.9329 0.0035 0.0023 0.0025 0.9560 0.9946
0.5393 0.0052 0.0040 0.0026 0.0023 0.0022 0.0018 0.0039 0.0070 0.0023 0.0027 0.0018 0.0023 0.0019 0.0025 0.0027 0.0016 0.0019 0.0031 0.0228 0.9851 0.0019 0.0026 0.9958 0.0030 0.9961 0.0056 0.0023 0.9799 0.9883 0.3228 0.6696 0.9254 0.0024 0.0022 0.0024 0.9404 0.9961
0.5558 0.0060 0.0069 0.0018 0.0025 0.0020 0.0029 0.0025 0.0072 0.0023 0.0017 0.0048 0.0020 0.0029 0.0043 0.0018 0.0018 0.0025 0.0023 0.0133 0.9768 0.0042 0.0016 0.9958 0.0019 0.9965 0.0069 0.0026 0.9781 0.9834 0.3258 0.7014 0.9405 0.0018 0.0020 0.0020 0.9604 0.9960
0.5195 0.0115 0.0067 0.0034 0.0037 0.0029 0.0033 0.0042 0.0076 0.0032 0.0031 0.0022 0.0032 0.0037 0.0018 0.0028 0.0045 0.0034 0.0031 0.0261 0.9775 0.0029 0.0034 0.9934 0.0035 0.9946 0.0096 0.0024 0.9812 0.9806 0.3408 0.7427 0.9253 0.0034 0.0035 0.0022 0.9258 0.9952
0.5887 0.0074 0.0056 0.0021 0.0018 0.0031 0.0027 0.0017 0.0062 0.0023 0.0024 0.0024 0.0034 0.0026 0.0026 0.0024 0.0021 0.0031 0.0037 0.0138 0.9742 0.0015 0.0022 0.9957 0.0021 0.9933 0.0057 0.0026 0.9807 0.9796 0.3161 0.6898 0.9521 0.0020 0.0029 0.0029 0.9550 0.9960
0.5828 0.0039 0.0046 0.0039 0.0024 0.0022 0.0032 0.0020 0.0046 0.0023 0.0021 0.0019 0.0016 0.0016 0.0026 0.0018 0.0022 0.0023 0.0018 0.0144 0.9795 0.0018 0.0025 0.9964 0.0024 0.9961 0.0053 0.0023 0.9859 0.9843 0.3246 0.7732 0.9521 0.0031 0.0023 0.0038 0.9412 0.9957
0.5893 0.0066 0.0053 0.0019 0.0053 0.0026 0.0019 0.0022 0.0062 0.0025 0.0023 0.0020 0.0031 0.0024 0.0024 0.0021 0.0023 0.0016 0.0022 0.0141 0.9782 0.0019 0.0029 0.9966 0.0036 0.9941 0.0057 0.0023 0.9712 0.9821 0.3311 0.7310 0.9440 0.0022 0.0041 0.0020 0.9183 0.9950
0.5735 0.0064 0.0055 0.0023 0.0019 0.0026 0.0020 0.0023 0.0040 0.0021 0.0020 0.0024 0.0033 0.0031 0.0017 0.0025 0.0028 0.0036 0.0020 0.0178 0.9717 0.0022 0.0020 0.9953 0.0023 0.9945 0.0063 0.0020 0.9827 0.9797 0.3329 0.6877 0.9697 0.0013 0.0031 0.0023 0.9584 0.9956
0.5980 0.0059 0.0073 0.0033 0.0038 0.0033 0.0020 0.0033 0.0035 0.0025 0.0045 0.0025 0.0030 0.0028 0.0048 0.0033 0.0020 0.0025 0.0017 0.0333 0.9764 0.0017 0.0023 0.9954 0.0032 0.9950 0.0041 0.0023 0.9786 0.9799 0.3278 0.6636 0.9353 0.0035 0.0021 0.0019 0.9530 0.9959
0.5802 0.0064 0.0055 0.0023 0.0022 0.0018 0.0029 0.0026 0.0055 0.0023 0.0030 0.0026 0.0032 0.0031 0.0034 0.0032 0.0034 0.0029 0.0024 0.0153 0.9695 0.0040 0.0037 0.9932 0.0034 0.9948 0.0056 0.0018 0.9854 0.9742 0.2760 0.6811 0.9421 0.0025 0.0022 0.0038 0.9099 0.9930
0.5547 0.0058 0.0069 0.0032 0.0017 0.0024 0.0025 0.0024 0.0046 0.0019 0.0043 0.0023 0.0018 0.0028 0.0017 0.0026 0.0021 0.0016 0.0018 0.0183 0.9767 0.0021 0.0021 0.9971 0.0031 0.9960 0.0046 0.0022 0.9791 0.9752 0.3256 0.7192 0.9589 0.0022 0.0019 0.0021 0.9512 0.9951
0.6170 0.0045 0.0059 0.0022 0.0032 0.0032 0.0011 0.0017 0.0057 0.0028 0.0018 0.0017 0.0022 0.0021 0.0022 0.0022 0.0015 0.0020 0.0015 0.0160 0.9770 0.0027 0.0024 0.9975 0.0013 0.9965 0.0059 0.0021 0.9816 0.9860 0.3070 0.6823 0.9558 0.0021 0.0023 0.0021 0.9546 0.9965
0.3665 0.0035 0.0095 0.0032 0.0020 0.0026 0.0019 0.0018 0.0049 0.0026 0.0015 0.0031 0.0028 0.0019 0.0012 0.0029 0.0019 0.0019 0.0021 0.0131 0.9804 0.0019 0.0025 0.9921 0.0018 0.9951 0.0056 0.0022 0.9781 0.9821 0.3804 0.6834 0.9762 0.0016 0.0020 0.0018 0.9475 0.9952
0.6417 0.0039 0.0050 0.0022 0.0034 0.0033 0.0027 0.0027 0.0054 0.0020 0.0024 0.0022 0.0020 0.0040 0.0017 0.0015 0.0030 0.0021 0.0023 0.0338 0.9647 0.0030 0.0030 0.9962 0.0029 0.9951 0.0048 0.0022 0.9699 0.9835 0.2496 0.7067 0.9389 0.0027 0.0035 0.0024 0.9069 0.9971
0.6221 0.0072 0.0053 0.0019 0.0026 0.0017 0.0028 0.0023 0.0053 0.0020 0.0022 0.0018 0.0022 0.0020 0.0027 0.0022 0.0019 0.0023 0.0028 0.0262 0.9787 0.0028 0.0024 0.9959 0.0026 0.9933 0.0041 0.0027 0.9842 0.9817 0.2999 0.6844 0.9651 0.0032 0.0017 0.0023 0.9470 0.9954
0.5833 0.0051 0.0042 0.0016 0.0028 0.0033 0.0026 0.0023 0.0063 0.0026 0.0020 0.0028 0.0017 0.0016 0.0025 0.0030 0.0028 0.0018 0.0030 0.0122 0.9777 0.0035 0.0031 0.9960 0.0023 0.9957 0.0042 0.0017 0.9789 0.9805 0.2904 0.6627 0.9397 0.0030 0.0027 0.0025 0.9530 0.9956
0.5223 0.0081 0.0064 0.0018 0.0020 0.0032 0.0042 0.0019 0.0063 0.0020 0.0029 0.0023 0.0031 0.0029 0.0022 0.0026 0.0028 0.0022 0.0025 0.0163 0.9782 0.0025 0.0040 0.9943 0.0023 0.9948 0.0064 0.0034 0.9794 0.9877 0.3809 0.7317 0.9517 0.0023 0.0036 0.0017 0.9612 0.9962
0.5035 0.0096 0.0096 0.0033 0.0022 0.0024 0.0024 0.0021 0.0085 0.0031 0.0032 0.0045 0.0017 0.0028 0.0022 0.0022 0.0031 0.0024 0.0025 0.0180 0.9776 0.0026 0.0027 0.9960 0.0027 0.9928 0.0053 0.0035 0.9834 0.9835 0.3553 0.7627 0.9414 0.0025 0.0024 0.0023 0.9610 0.9943
0.5440 0.0083 0.0046 0.0027 0.0023 0.0022 0.0026 0.0023 0.0090 0.0034 0.0031 0.0017 0.0027 0.0026 0.0031 0.0026 0.0014 0.0035 0.0022 0.0170 0.9664 0.0055 0.0023 0.9947 0.0033 0.9955 0.0064 0.0029 0.9765 0.9839 0.4039 0.7125 0.9488 0.0029 0.0022 0.0022 0.9318 0.9965
0.5247 0.0049 0.0068 0.0030 0.0030 0.0026 0.0031 0.0021 0.0051 0.0035 0.0030 0.0021 0.0033 0.0032 0.0030 0.0023 0.0030 0.0017 0.0020 0.0195 0.9756 0.0022 0.0024 0.9969 0.0017 0.9971 0.0058 0.0019 0.9775 0.9750 0.4281 0.6821 0.9303 0.0032 0.0023 0.0025 0.9364 0.9946
0.5594 0.0059 0.0047 0.0018 0.0025 0.0019 0.0019 0.0023 0.0046 0.0029 0.0018 0.0014 0.0022 0.0026 0.0022 0.0021 0.0021 0.0020 0.0024 0.0132 0.9826 0.0021 0.0016 0.9966 0.0018 0.9972 0.0050 0.0019 0.9846 0.9789 0.3503 0.7110 0.9549 0.0021 0.0020 0.0026 0.9557 0.9939
0.5418 0.0048 0.0039 0.0020 0.0018 0.0022 0.0027 0.0028 0.0048 0.0023 0.0025 0.0026 0.0026 0.0016 0.0026 0.0018 0.0021 0.0015 0.0027 0.0163 0.9752 0.0022 0.0021 0.9968 0.0019 0.9939 0.0063 0.0019 0.9790 0.9785 0.3188 0.6993 0.9371 0.0024 0.0038 0.0032 0.9507 0.9954
0.4966 0.0054 0.0039 0.0026 0.0037 0.0030 0.0022 0.0027 0.0041 0.0022 0.0022 0.0023 0.0021 0.0023 0.0022 0.0019 0.0023 0.0024 0.0019 0.0157 0.9745 0.0018 0.0014 0.9965 0.0013 0.9971 0.0059 0.0023 0.9731 0.9768 0.2852 0.7073 0.9438 0.0026 0.0019 0.0022 0.9486 0.9955
0.5114 0.0088 0.0076 0.0033 0.0031 0.0029 0.0021 0.0017 0.0056 0.0029 0.0028 0.0020 0.0032 0.0032 0.0019 0.0017 0.0022 0.0022 0.0025 0.0131 0.9719 0.0027 0.0018 0.9964 0.0016 0.9961 0.0040 0.0022 0.9812 0.9837 0.3158 0.7282 0.9646 0.0019 0.0030 0.0025 0.9313 0.9959
0.5303 0.0078 0.0055 0.0021 0.0017 0.0025 0.0043 0.0017 0.0036 0.0015 0.0013 0.0017 0.0015 0.0023 0.0023 0.0025 0.0014 0.0028 0.0017 0.0174 0.9857 0.0017 0.0019 0.9970 0.0029 0.9969 0.0074 0.0011 0.9744 0.9855 0.3555 0.7627 0.9391 0.0022 0.0023 0.0016 0.9607 0.9950
0.5859 0.0077 0.0064 0.0036 0.0023 0.0026 0.0036 0.0032 0.0049 0.0027 0.0033 0.0026 0.0029 0.0029 0.0017 0.0024 0.0022 0.0027 0.0031 0.0198 0.9686 0.0025 0.0038 0.9940 0.0038 0.9949 0.0046 0.0027 0.9687 0.9661 0.3964 0.6630 0.9112 0.0023 0.0037 0.0026 0.9252 0.9932
0.5249 0.0055 0.0054 0.0016 0.0029 0.0024 0.0022 0.0021 0.0055 0.0016 0.0022 0.0017 0.0024 0.0024 0.0028 0.0024 0.0027 0.0023 0.0027 0.0144 0.9821 0.0031 0.0025 0.9954 0.0030 0.9968 0.0057 0.0034 0.9803 0.9817 0.2882 0.7402 0.9597 0.0021 0.0025 0.0019 0.9475 0.9965
0.5584 0.0047 0.0043 0.0024 0.0027 0.0026 0.0025 0.0026 0.0063 0.0018 0.0026 0.0022 0.0026 0.0020 0.0018 0.0019 0.0017 0.0017 0.0025 0.0134 0.9823 0.0026 0.0019 0.9961 0.0025 0.9956 0.0044 0.0023 0.9839 0.9879 0.2873 0.7027 0.9495 0.0035 0.0012 0.0025 0.9694 0.9960
0.5043 0.0051 0.0078 0.0034 0.0028 0.0015 0.0025 0.0028 0.0082 0.0025 0.0050 0.0023 0.0021 0.0027 0.0019 0.0023 0.0026 0.0028 0.0022 0.0115 0.9740 0.0018 0.0022 0.9926 0.0040 0.9922 0.0058 0.0024 0.9841 0.9776 0.3185 0.7784 0.9599 0.0023 0.0021 0.0030 0.9424 0.9955
0.6039 0.0041 0.0054 0.0016 0.0020 0.0024 0.0020 0.0025 0.0043 0.0021 0.0016 0.0019 0.0020 0.0017 0.0018 0.0030 0.0017 0.0021 0.0021 0.0282 0.9873 0.0015 0.0022 0.9957 0.0022 0.9946 0.0061 0.0017 0.9850 0.9714 0.3262 0.7567 0.9496 0.0015 0.0020 0.0024 0.9360 0.9957
0.6465 0.0045 0.0046 0.0021 0.0019 0.0032 0.0018 0.0021 0.0075 0.0031 0.0026 0.0014 0.0018 0.0028 0.0038 0.0019 0.0023 0.0035 0.0021 0.0147 0.9737 0.0025 0.0028 0.9965 0.0030 0.9964 0.0048 0.0028 0.9811 0.9808 0.3517 0.6375 0.9523 0.0019 0.0033 0.0020 0.9444 0.9942
0.6293 0.0064 0.0031 0.0024 0.0023 0.0030 0.0023 0.0014 0.0074 0.0026 0.0022 0.0021 0.0023 0.0024 0.0030 0.0038 0.0025 0.0025 0.0028 0.0113 0.9800 0.0025 0.0020 0.9967 0.0019 0.9946 0.0058 0.0023 0.9847 0.9875 0.3216 0.7760 0.9565 0.0025 0.0023 0.0019 0.9580 0.9941
0.6065 0.0043 0.0055 0.0020 0.0020 0.0021 0.0023 0.0031 0.0061 0.0017 0.0017 0.0019 0.0035 0.0026 0.0020 0.0028 0.0016 0.0031 0.0035 0.0102 0.9750 0.0021 0.0025 0.9926 0.0035 0.9953 0.0031 0.0028 0.9717 0.9719 0.2745 0.7145 0.9202 0.0030 0.0027 0.0032 0.9325 0.9967
0.5834 0.0063 0.0053 0.0025 0.0020 0.0022 0.0025 0.0023 0.0078 0.0028 0.0032 0.0022 0.0025 0.0021 0.0031 0.0024 0.0023 0.0025 0.0016 0.0171 0.9802 0.0026 0.0027 0.9961 0.0026 0.9942 0.0064 0.0042 0.9762 0.9758 0.3296 0.6569 0.9419 0.0022 0.0025 0.0029 0.9165 0.9919
0.5910 0.0035 0.0060 0.0027 0.0037 0.0019 0.0027 0.0028 0.0058 0.0041 0.0027 0.0031 0.0023 0.0036 0.0024 0.0030 0.0030 0.0016 0.0019 0.0242 0.9709 0.0023 0.0024 0.9964 0.0019 0.9943 0.0051 0.0024 0.9840 0.9702 0.3554 0.7143 0.9521 0.0028 0.0024 0.0041 0.9533 0.9958
0.5834 0.0081 0.0082 0.0026 0.0027 0.0019 0.0020 0.0026 0.0049 0.0019 0.0024 0.0026 0.0032 0.0019 0.0028 0.0028 0.0028 0.0024 0.0018 0.0176 0.9766 0.0025 0.0021 0.9958 0.0035 0.9959 0.0065 0.0019 0.9866 0.9781 0.3315 0.7466 0.9440 0.0017 0.0016 0.0027 0.9447 0.9973
0.6339 0.0050 0.0040 0.0030 0.0022 0.0035 0.0030 0.0022 0.0034 0.0024 0.0032 0.0028 0.0023 0.0037 0.0028 0.0023 0.0021 0.0021 0.0026 0.0258 0.9742 0.0016 0.0024 0.9974 0.0024 0.9972 0.0067 0.0026 0.9813 0.9882 0.2615 0.7708 0.9537 0.0018 0.0025 0.0016 0.9597 0.9953
0.6514 0.0045 0.0040 0.0024 0.0017 0.0021 0.0016 0.0017 0.0067 0.0018 0.0020 0.0020 0.0024 0.0019 0.0030 0.0028 0.0038 0.0014 0.0032 0.0154 0.9824 0.0030 0.0028 0.9963 0.0032 0.9956 0.0027 0.0025 0.9671 0.9895 0.3314 0.7505 0.9428 0.0030 0.0017 0.0025 0.9392 0.9957
0.4966 0.0085 0.0040 0.0019 0.0030 0.0021 0.0028 0.0024 0.0046 0.0029 0.0024 0.0019 0.0031 0.0016 0.0025 0.0019 0.0033 0.0024 0.0047 0.0244 0.9760 0.0020 0.0031 0.9939 0.0027 0.9951 0.0062 0.0026 0.9772 0.9787 0.3463 0.6768 0.9383 0.0023 0.0036 0.0037 0.9592 0.9947
0.4999 0.0050 0.0044 0.0026 0.0014 0.0019 0.0014 0.0019 0.0073 0.0025 0.0020 0.0023 0.0033 0.0026 0.0021 0.0032 0.0013 0.0031 0.0020 0.0170 0.9762 0.0023 0.0019 0.9959 0.0027 0.9957 0.0091 0.0019 0.9792 0.9813 0.3644 0.6681 0.9568 0.0014 0.0019 0.0017 0.9469 0.9951
0.6455 0.0058 0.0103 0.0020 0.0022 0.0024 0.0024 0.0019 0.0047 0.0024 0.0021 0.0027 0.0033 0.0022 0.0023 0.0021 0.0032 0.0018 0.0026 0.0144 0.9709 0.0021 0.0033 0.9962 0.0024 0.9946 0.0087 0.0035 0.9761 0.9842 0.3100 0.6673 0.9303 0.0030 0.0021 0.0026 0.9545 0.9946
0.5804 0.0075 0.0067 0.0030 0.0026 0.0037 0.0034 0.0022 0.0058 0.0026 0.0021 0.0037 0.0041 0.0031 0.0017 0.0024 0.0035 0.0017 0.0050 0.0217 0.9807 0.0023 0.0027 0.9927 0.0037 0.9951 0.0037 0.0017 0.9784 0.9816 0.3654 0.6782 0.9526 0.0029 0.0031 0.0019 0.9299 0.9945
0.5160 0.0044 0.0067 0.0036 0.0035 0.0025 0.0026 0.0021 0.0078 0.0022 0.0029 0.0025 0.0045 0.0028 0.0022 0.0031 0.0032 0.0041 0.0017 0.0232 0.9795 0.0020 0.0029 0.9963 0.0029 0.9954 0.0049 0.0021 0.9865 0.9811 0.4189 0.7213 0.9428 0.0029 0.0028 0.0041 0.9544 0.9950
0.6091 0.0074 0.0079 0.0021 0.0026 0.0032 0.0028 0.0032 0.0039 0.0032 0.0022 0.0027 0.0028 0.0033 0.0044 0.0035 0.0027 0.0026 0.0029 0.0228 0.9764 0.0028 0.0035 0.9949 0.0042 0.9920 0.0098 0.0018 0.9802 0.9757 0.2554 0.6436 0.9570 0.0032 0.0023 0.0031 0.9475 0.9949
0.5910 0.0065 0.0080 0.0030 0.0030 0.0024 0.0020 0.0021 0.0076 0.0021 0.0030 0.0027 0.0034 0.0020 0.0020 0.0036 0.0018 0.0017 0.0024 0.0169 0.9760 0.0021 0.0030 0.9955 0.0032 0.9949 0.0061 0.0023 0.9770 0.9770 0.3470 0.7198 0.9579 0.0029 0.0025 0.0016 0.9529 0.9951
0.5794 0.0067 0.0078 0.0021 0.0041 0.0032 0.0034 0.0024 0.0116 0.0031 0.0032 0.0025 0.0024 0.0042 0.0024 0.0024 0.0024 0.0030 0.0022 0.0169 0.9484 0.0039 0.0048 0.9942 0.0022 0.9948 0.0038 0.0026 0.9837 0.9738 0.2900 0.7013 0.9561 0.0030 0.0037 0.0027 0.9372 0.9956
0.5030 0.0056 0.0044 0.0024 0.0026 0.0034 0.0020 0.0023 0.0038 0.0023 0.0021 0.0032 0.0018 0.0021 0.0024 0.0029 0.0027 0.0017 0.0031 0.0180 0.9788 0.0018 0.0021 0.9974 0.0031 0.9959 0.0051 0.0023 0.9811 0.9781 0.2746 0.6937 0.9341 0.0013 0.0023 0.0022 0.9488 0.9972
0.5570 0.0039 0.0039 0.0022 0.0025 0.0022 0.0019 0.0019 0.0031 0.0019 0.0021 0.0018 0.0015 0.0021 0.0030 0.0016 0.0019 0.0025 0.0027 0.0098 0.9710 0.0023 0.0021 0.9929 0.0022 0.9943 0.0051 0.0025 0.9844 0.9796 0.2843 0.7875 0.9502 0.0026 0.0031 0.0017 0.9384 0.9973
0.5732 0.0047 0.0039 0.0029 0.0023 0.0018 0.0016 0.0017 0.0053 0.0023 0.0015 0.0019 0.0033 0.0029 0.0037 0.0025 0.0032 0.0036 0.0036 0.0337 0.9730 0.0033 0.0024 0.9967 0.0019 0.9956 0.0048 0.0028 0.9775 0.9798 0.4046 0.7156 0.9587 0.0022 0.0028 0.0015 0.9535 0.9964
0.6318 0.0063 0.0048 0.0032 0.0022 0.0029 0.0041 0.0031 0.0058 0.0035 0.0019 0.0020 0.0025 0.0024 0.0037 0.0035 0.0025 0.0034 0.0034 0.0146 0.9676 0.0036 0.0049 0.9906 0.0026 0.9944 0.0052 0.0021 0.9703 0.9856 0.2969 0.7318 0.9624 0.0020 0.0018 0.0049 0.9472 0.9935
0.6420 0.0037 0.0048 0.0019 0.0025 0.0020 0.0015 0.0016 0.0031 0.0023 0.0021 0.0016 0.0026 0.0018 0.0017 0.0025 0.0018 0.0024 0.0021 0.0210 0.9795 0.0024 0.0018 0.9960 0.0028 0.9945 0.0052 0.0019 0.9802 0.9729 0.3912 0.6638 0.9319 0.0029 0.0016 0.0014 0.9412 0.9965
0.5564 0.0052 0.0068 0.0017 0.0025 0.0018 0.0025 0.0023 0.0044 0.0023 0.0027 0.0032 0.0023 0.0019 0.0021 0.0029 0.0028 0.0024 0.0023 0.0119 0.9625 0.0025 0.0027 0.9946 0.0027 0.9942 0.0045 0.0027 0.9825 0.9810 0.3022 0.6926 0.9506 0.0024 0.0010 0.0019 0.9496 0.9966
0.6437 0.0065 0.0034 0.0018 0.0024 0.0029 0.0018 0.0019 0.0049 0.0039 0.0020 0.0029 0.0035 0.0029 0.0018 0.0034 0.0025 0.0019 0.0023 0.0159 0.9807 0.0019 0.0041 0.9952 0.0019 0.9938 0.0071 0.0025 0.9631 0.9835 0.3461 0.7100 0.9478 0.0028 0.0029 0.0028 0.9583 0.9972
0.6141 0.0052 0.0037 0.0025 0.0030 0.0024 0.0027 0.0021 0.0059 0.0050 0.0023 0.0023 0.0021 0.0019 0.0022 0.0023 0.0024 0.0020 0.0020 0.0171 0.9717 0.0024 0.0026 0.9953 0.0023 0.9932 0.0044 0.0022 0.9787 0.9834 0.2713 0.7117 0.9458 0.0031 0.0036 0.0030 0.8978 0.9924
0.5897 0.0044 0.0084 0.0021 0.0019 0.0026 0.0022 0.0025 0.0040 0.0027 0.0016 0.0033 0.0014 0.0019 0.0028 0.0024 0.0019 0.0022 0.0021 0.0108 0.9806 0.0022 0.0017 0.9957 0.0020 0.9937 0.0039 0.0027 0.9791 0.9787 0.2824 0.7434 0.9524 0.0016 0.0025 0.0024 0.9445 0.9940
0.6177 0.0068 0.0053 0.0016 0.0026 0.0023 0.0025 0.0017 0.0033 0.0024 0.0037 0.0016 0.0021 0.0022 0.0026 0.0020 0.0029 0.0018 0.0020 0.0195 0.9770 0.0038 0.0017 0.9968 0.0022 0.9956 0.0037 0.0029 0.9752 0.9748 0.3338 0.7665 0.9521 0.0027 0.0035 0.0027 0.9423 0.9950
0.5833 0.0044 0.0054 0.0028 0.0028 0.0021 0.0027 0.0021 0.0065 0.0024 0.0022 0.0020 0.0034 0.0032 0.0022 0.0027 0.0028 0.0028 0.0018 0.0180 0.9768 0.0016 0.0027 0.9940 0.0026 0.9960 0.0039 0.0028 0.9845 0.9849 0.3006 0.6958 0.9565 0.0020 0.0023 0.0032 0.9348 0.9957
0.5211 0.0032 0.0084 0.0023 0.0020 0.0025 0.0015 0.0022 0.0039 0.0020 0.0028 0.0021 0.0022 0.0029 0.0028 0.0032 0.0023 0.0031 0.0026 0.0189 0.9719 0.0020 0.0027 0.9949 0.0013 0.9959 0.0047 0.0028 0.9742 0.9802 0.3623 0.7090 0.9473 0.0018 0.0026 0.0017 0.9240 0.9940
0.6450 0.0039 0.0037 0.0024 0.0027 0.0033 0.0020 0.0021 0.0039 0.0021 0.0016 0.0020 0.0024 0.0022 0.0020 0.0021 0.0023 0.0016 0.0025 0.0159 0.9800 0.0019 0.0022 0.9961 0.0021 0.9962 0.0055 0.0021 0.9713 0.9850 0.3449 0.6739 0.9581 0.0020 0.0029 0.0021 0.9373 0.9964
0.6549 0.0042 0.0063 0.0022 0.0018 0.0029 0.0022 0.0031 0.0052 0.0015 0.0026 0.0027 0.0013 0.0020 0.0036 0.0041 0.0022 0.0026 0.0026 0.0221 0.9634 0.0025 0.0033 0.9941 0.0028 0.9955 0.0049 0.0021 0.9844 0.9811 0.3396 0.6959 0.9449 0.0026 0.0023 0.0022 0.9537 0.9947
0.6107 0.0079 0.0066 0.0021 0.0020 0.0025 0.0029 0.0017 0.0037 0.0015 0.0035 0.0019 0.0018 0.0024 0.0028 0.0032 0.0027 0.0023 0.0037 0.0128 0.9807 0.0025 0.0023 0.9936 0.0027 0.9943 0.0044 0.0021 0.9806 0.9882 0.2991 0.6935 0.9269 0.0027 0.0016 0.0024 0.9344 0.9962
0.6083 0.0078 0.0031 0.0032 0.0020 0.0024 0.0021 0.0030 0.0034 0.0020 0.0025 0.0019 0.0020 0.0023 0.0047 0.0023 0.0018 0.0017 0.0028 0.0162 0.9818 0.0027 0.0028 0.9970 0.0026 0.9952 0.0030 0.0021 0.9747 0.9755 0.3195 0.7692 0.9537 0.0025 0.0023 0.0013 0.9562 0.9949
0.5405 0.0041 0.0061 0.0028 0.0048 0.0022 0.0031 0.0017 0.0059 0.0033 0.0029 0.0017 0.0028 0.0028 0.0022 0.0044 0.0020 0.0014 0.0021 0.0184 0.9722 0.0045 0.0024 0.9955 0.0018 0.9963 0.0057 0.0030 0.9720 0.9867 0.3058 0.8021 0.9517 0.0033 0.0044 0.0025 0.9297 0.9953
0.6526 0.0095 0.0071 0.0029 0.0022 0.0039 0.0032 0.0023 0.0053 0.0045 0.0034 0.0031 0.0021 0.0025 0.0031 0.0026 0.0021 0.0027 0.0037 0.0145 0.9796 0.0024 0.0033 0.9951 0.0027 0.9957 0.0050 0.0029 0.9803 0.9815 0.3717 0.6972 0.9616 0.0026 0.0030 0.0023 0.9269 0.9954
0.6202 0.0044 0.0057 0.0016 0.0020 0.0021 0.0019 0.0024 0.0061 0.0026 0.0021 0.0020 0.0026 0.0020 0.0018 0.0022 0.0024 0.0022 0.0021 0.0145 0.9751 0.0022 0.0020 0.9964 0.0022 0.9958 0.0051 0.0032 0.9772 0.9818 0.2977 0.6860 0.9491 0.0022 0.0021 0.0033 0.9598 0.9958
0.5866 0.0056 0.0062 0.0024 0.0025 0.0020 0.0023 0.0015 0.0056 0.0033 0.0031 0.0019 0.0027 0.0024 0.0020 0.0041 0.0036 0.0028 0.0027 0.0149 0.9745 0.0035 0.0020 0.9936 0.0017 0.9939 0.0056 0.0032 0.9759 0.9850 0.3334 0.7119 0.9522 0.0021 0.0026 0.0019 0.9316 0.9957
0.4704 0.0057 0.0033 0.0023 0.0022 0.0018 0.0031 0.0017 0.0071 0.0023 0.0019 0.0025 0.0032 0.0035 0.0013 0.0021 0.0026 0.0025 0.0018 0.0167 0.9807 0.0017 0.0020 0.9954 0.0033 0.9959 0.0045 0.0022 0.9849 0.9822 0.2935 0.7115 0.9519 0.0024 0.0036 0.0025 0.9549 0.9951
0.5289 0.0050 0.0048 0.0017 0.0031 0.0035 0.0031 0.0017 0.0076 0.0024 0.0019 0.0053 0.0027 0.0022 0.0029 0.0023 0.0028 0.0027 0.0029 0.0163 0.9693 0.0031 0.0028 0.9942 0.0029 0.9952 0.0054 0.0027 0.9812 0.9837 0.3837 0.6087 0.9521 0.0041 0.0031 0.0022 0.9699 0.9951
0.5708 0.0053 0.0057 0.0019 0.0025 0.0030 0.0037 0.0017 0.0060 0.0022 0.0023 0.0025 0.0042 0.0025 0.0017 0.0014 0.0027 0.0020 0.0024 0.0172 0.9732 0.0019 0.0017 0.9943 0.0016 0.9953 0.0059 0.0019 0.9847 0.9816 0.3356 0.7796 0.9288 0.0021 0.0023 0.0018 0.9465 0.9953
0.5776 0.0058 0.0057 0.0026 0.0030 0.0030 0.0022 0.0022 0.0046 0.0020 0.0021 0.0027 0.0021 0.0027 0.0027 0.0014 0.0024 0.0020 0.0023 0.0210 0.9800 0.0022 0.0026 0.9965 0.0024 0.9954 0.0042 0.0019 0.9734 0.9752 0.3183 0.7017 0.9524 0.0020 0.0031 0.0023 0.9322 0.9960
0.5971 0.0057 0.0040 0.0017 0.0019 0.0024 0.0033 0.0025 0.0056 0.0027 0.0020 0.0033 0.0020 0.0029 0.0038 0.0036 0.0021 0.0025 0.0028 0.0253 0.9757 0.0022 0.0024 0.9948 0.0017 0.9955 0.0070 0.0018 0.9722 0.9797 0.3664 0.7331 0.9334 0.0032 0.0018 0.0020 0.9321 0.9951
0.5703 0.0044 0.0054 0.0029 0.0015 0.0012 0.0015 0.0021 0.0057 0.0018 0.0035 0.0022 0.0017 0.0024 0.0017 0.0032 0.0035 0.0032 0.0015 0.0185 0.9754 0.0019 0.0031 0.9946 0.0025 0.9963 0.0053 0.0026 0.9839 0.9830 0.3279 0.6554 0.9579 0.0023 0.0017 0.0022 0.9486 0.9954
0.5616 0.0046 0.0048 0.0045 0.0019 0.0037 0.0026 0.0027 0.0045 0.0024 0.0023 0.0030 0.0025 0.0024 0.0034 0.0023 0.0023 0.0032 0.0026 0.0185 0.9739 0.0025 0.0040 0.9943 0.0034 0.9949 0.0086 0.0024 0.9810 0.9831 0.3647 0.7390 0.9281 0.0028 0.0026 0.0034 0.9384 0.9938
0.5031 0.0083 0.0073 0.0022 0.0021 0.0026 0.0020 0.0023 0.0043 0.0024 0.0017 0.0027 0.0027 0.0020 0.0036 0.0027 0.0038 0.0024 0.0029 0.0143 0.9753 0.0032 0.0012 0.9954 0.0024 0.9949 0.0039 0.0028 0.9822 0.9830 0.3843 0.7381 0.9489 0.0037 0.0024 0.0021 0.9376 0.9950
0.6454 0.0058 0.0066 0.0026 0.0030 0.0029 0.0029 0.0025 0.0041 0.0023 0.0029 0.0018 0.0029 0.0026 0.0023 0.0024 0.0061 0.0021 0.0027 0.0239 0.9732 0.0034 0.0029 0.9966 0.0032 0.9947 0.0081 0.0028 0.9773 0.9841 0.3233 0.7467 0.9237 0.0032 0.0025 0.0042 0.9484 0.9960
0.5630 0.0042 0.0055 0.0021 0.0025 0.0018 0.0017 0.0023 0.0037 0.0023 0.0019 0.0014 0.0022 0.0025 0.0019 0.0014 0.0018 0.0021 0.0021 0.0176 0.9790 0.0026 0.0016 0.9962 0.0021 0.9952 0.0048 0.0020 0.9838 0.9815 0.4078 0.7052 0.9667 0.0020 0.0017 0.0016 0.9402 0.9929
0.5484 0.0068 0.0069 0.0032 0.0024 0.0022 0.0028 0.0023 0.0040 0.0021 0.0030 0.0015 0.0026 0.0039 0.0048 0.0029 0.0030 0.0023 0.0034 0.0184 0.9797 0.0024 0.0017 0.9940 0.0026 0.9967 0.0038 0.0025 0.9802 0.9826 0.3722 0.6599 0.9655 0.0026 0.0027 0.0020 0.9388 0.9963
0.6430 0.0084 0.0039 0.0026 0.0027 0.0021 0.0016 0.0021 0.0040 0.0024 0.0017 0.0024 0.0018 0.0027 0.0021 0.0017 0.0023 0.0028 0.0027 0.0225 0.9797 0.0017 0.0024 0.9954 0.0026 0.9947 0.0033 0.0016 0.9846 0.9875 0.2925 0.7844 0.9505 0.0028 0.0022 0.0019 0.9472 0.9960
0.6133 0.0042 0.0040 0.0019 0.0025 0.0028 0.0022 0.0026 0.0049 0.0021 0.0029 0.0025 0.0017 0.0024 0.0022 0.0022 0.0036 0.0024 0.0024 0.0181 0.9666 0.0021 0.0017 0.9954 0.0023 0.9950 0.0067 0.0018 0.9796 0.9812 0.3057 0.7332 0.9488 0.0021 0.0033 0.0028 0.9402 0.9970
0.6995 0.0068 0.0045 0.0024 0.0021 0.0023 0.0024 0.0026 0.0069 0.0021 0.0026 0.0033 0.0016 0.0023 0.0024 0.0027 0.0018 0.0019 0.0023 0.0138 0.9692 0.0033 0.0026 0.9955 0.0017 0.9970 0.0057 0.0021 0.9714 0.9902 0.2804 0.7633 0.9321 0.0025 0.0015 0.0028 0.9460 0.9953
0.4927 0.0057 0.0045 0.0018 0.0020 0.0019 0.0013 0.0018 0.0059 0.0019 0.0017 0.0019 0.0019 0.0014 0.0044 0.0020 0.0042 0.0015 0.0017 0.0169 0.9808 0.0021 0.0016 0.9924 0.0019 0.9938 0.0060 0.0028 0.9766 0.9871 0.3503 0.7567 0.9489 0.0036 0.0037 0.0020 0.9463 0.9965
0.5244 0.0066 0.0036 0.0033 0.0033 0.0021 0.0025 0.0025 0.0062 0.0025 0.0029 0.0027 0.0025 0.0030 0.0030 0.0026 0.0034 0.0023 0.0024 0.0161 0.9772 0.0026 0.0020 0.9961 0.0012 0.9960 0.0054 0.0023 0.9820 0.9822 0.3045 0.6825 0.9488 0.0029 0.0024 0.0021 0.9533 0.9940
0.6334 0.0048 0.0047 0.0035 0.0040 0.0025 0.0024 0.0028 0.0049 0.0033 0.0027 0.0018 0.0026 0.0027 0.0041 0.0031 0.0022 0.0033 0.0028 0.0145 0.9760 0.0020 0.0036 0.9921 0.0037 0.9968 0.0056 0.0020 0.9802 0.9828 0.2528 0.6865 0.9393 0.0024 0.0025 0.0032 0.9540 0.9949
0.6197 0.0076 0.0052 0.0029 0.0027 0.0029 0.0029 0.0030 0.0060 0.0031 0.0027 0.0023 0.0042 0.0031 0.0036 0.0021 0.0023 0.0031 0.0024 0.0219 0.9831 0.0027 0.0028 0.9948 0.0020 0.9952 0.0057 0.0021 0.9736 0.9800 0.3176 0.7190 0.9478 0.0031 0.0042 0.0025 0.9245 0.9948
0.6700 0.0059 0.0047 0.0020 0.0033 0.0025 0.0042 0.0027 0.0049 0.0025 0.0026 0.0034 0.0025 0.0025 0.0019 0.0026 0.0027 0.0026 0.0028 0.0166 0.9741 0.0022 0.0020 0.9937 0.0019 0.9947 0.0060 0.0021 0.9836 0.9845 0.3358 0.7768 0.9537 0.0022 0.0022 0.0023 0.9429 0.9962
0.5740 0.0040 0.0057 0.0022 0.0021 0.0019 0.0023 0.0021 0.0078 0.0029 0.0028 0.0016 0.0023 0.0033 0.0030 0.0027 0.0024 0.0016 0.0026 0.0108 0.9801 0.0042 0.0029 0.9964 0.0037 0.9957 0.0059 0.0021 0.9722 0.9876 0.3602 0.7133 0.9538 0.0029 0.0027 0.0029 0.9261 0.9964
0.5475 0.0045 0.0067 0.0028 0.0021 0.0036 0.0027 0.0033 0.0050 0.0027 0.0027 0.0020 0.0019 0.0022 0.0029 0.0026 0.0031 0.0023 0.0027 0.0203 0.9636 0.0024 0.0023 0.9941 0.0025 0.9932 0.0041 0.0022 0.9826 0.9796 0.3369 0.7116 0.9643 0.0025 0.0022 0.0018 0.9510 0.9959
0.5493 0.0046 0.0059 0.0024 0.0021 0.0024 0.0036 0.0020 0.0058 0.0043 0.0025 0.0025 0.0033 0.0028 0.0027 0.0018 0.0027 0.0029 0.0037 0.0192 0.9715 0.0042 0.0025 0.9948 0.0032 0.9947 0.0068 0.0024 0.9816 0.9831 0.3830 0.6414 0.9336 0.0024 0.0025 0.0033 0.9410 0.9944
0.5927 0.0097 0.0051 0.0024 0.0029 0.0037 0.0026 0.0035 0.0034 0.0025 0.0017 0.0030 0.0018 0.0027 0.0028 0.0024 0.0024 0.0027 0.0030 0.0249 0.9752 0.0025 0.0031 0.9968 0.0032 0.9949 0.0054 0.0036 0.9794 0.9801 0.3598 0.7245 0.9265 0.0028 0.0021 0.0024 0.9530 0.9953
0.5830 0.0052 0.0060 0.0023 0.0033 0.0014 0.0018 0.0019 0.0063 0.0027 0.0024 0.0029 0.0022 0.0032 0.0022 0.0021 0.0019 0.0020 0.0026 0.0105 0.9756 0.0020 0.0020 0.9955 0.0023 0.9944 0.0064 0.0022 0.9848 0.9876 0.3226 0.7277 0.9483 0.0029 0.0030 0.0030 0.9533 0.9949
0.5593 0.0045 0.0056 0.0021 0.0022 0.0020 0.0034 0.0018 0.0062 0.0023 0.0050 0.0031 0.0018 0.0027 0.0030 0.0017 0.0025 0.0028 0.0034 0.0135 0.9791 0.0027 0.0020 0.9962 0.0027 0.9958 0.0053 0.0020 0.9854 0.9856 0.3455 0.6713 0.9278 0.0014 0.0017 0.0019 0.9524 0.9959
0.5137 0.0077 0.0045 0.0018 0.0023 0.0014 0.0033 0.0021 0.0034 0.0031 0.0021 0.0015 0.0036 0.0022 0.0027 0.0023 0.0021 0.0024 0.0032 0.0166 0.9756 0.0025 0.0019 0.9966 0.0021 0.9947 0.0039 0.0024 0.9833 0.9725 0.2614 0.6364 0.9464 0.0025 0.0017 0.0021 0.9545 0.9966
0.6001 0.0054 0.0034 0.0029 0.0041 0.0018 0.0027 0.0018 0.0033 0.0020 0.0026 0.0026 0.0022 0.0024 0.0025 0.0033 0.0021 0.0019 0.0027 0.0223 0.9845 0.0019 0.0017 0.9955 0.0030 0.9957 0.0033 0.0019 0.9809 0.9786 0.3180 0.7515 0.9458 0.0028 0.0025 0.0014 0.9585 0.9964
0.6147 0.0060 0.0035 0.0029 0.0031 0.0032 0.0029 0.0024 0.0054 0.0029 0.0025 0.0019 0.0013 0.0018 0.0016 0.0033 0.0016 0.0031 0.0026 0.0138 0.9795 0.0017 0.0014 0.9954 0.0017 0.9962 0.0042 0.0017 0.9849 0.9744 0.2816 0.6744 0.9463 0.0015 0.0027 0.0030 0.9593 0.9952
0.5563 0.0064 0.0038 0.0029 0.0014 0.0020 0.0021 0.0024 0.0030 0.0015 0.0017 0.0028 0.0030 0.0022 0.0027 0.0016 0.0018 0.0034 0.0020 0.0183 0.9796 0.0016 0.0018 0.9970 0.0030 0.9974 0.0028 0.0020 0.9797 0.9855 0.3738 0.6985 0.9622 0.0026 0.0020 0.0028 0.9459 0.9958
