0.0667 0.0606 0.0507 0.0010 0.0020 0.0007 0.7900 0.0012 0.9390 0.0097 0.0255 0.0009 0.0113 0.0123 0.0098 0.0155 0.0013 0.0012 0.8569 0.0231 0.0185 0.0097 0.0085 0.0014 0.0088 0.9913 0.0065 0.0281 0.8268 0.2598 0.3120 0.1066 0.1171 0.0525 0.0287 0.0104 0.1345 0.0011
0.0992 0.1194 0.0365 0.0014 0.0010 0.0007 0.7574 0.0010 0.9424 0.0082 0.0316 0.0012 0.0113 0.0128 0.0115 0.0201 0.0011 0.0009 0.7564 0.0146 0.0272 0.0117 0.0171 0.0010 0.0109 0.9887 0.0056 0.0193 0.7129 0.2699 0.5049 0.0810 0.2169 0.0805 0.0362 0.0111 0.1147 0.0010
0.0944 0.0990 0.0371 0.0013 0.0012 0.0023 0.6422 0.0010 0.9487 0.0083 0.0328 0.0012 0.0112 0.0152 0.0091 0.0223 0.0009 0.0010 0.6715 0.0303 0.0151 0.0096 0.0106 0.0014 0.0109 0.9886 0.0128 0.0268 0.6966 0.2825 0.4517 0.0594 0.2322 0.0661 0.0280 0.0131 0.0849 0.0017
0.0934 0.1175 0.0632 0.0012 0.0008 0.0009 0.6299 0.0007 0.9249 0.0077 0.0281 0.0009 0.0092 0.0166 0.0111 0.0216 0.0009 0.0017 0.5590 0.0199 0.0253 0.0095 0.0106 0.0010 0.0119 0.9851 0.0100 0.0310 0.5984 0.1934 0.5973 0.0780 0.3063 0.1067 0.0474 0.0111 0.1033 0.0012
0.1271 0.2773 0.0818 0.0010 0.0013 0.0012 0.5741 0.0008 0.9467 0.0096 0.0307 0.0011 0.0090 0.0150 0.0138 0.0361 0.0013 0.0009 0.5281 0.0195 0.0246 0.0146 0.0131 0.0010 0.0138 0.9902 0.0098 0.0223 0.5867 0.1975 0.6022 0.0813 0.4307 0.1466 0.0300 0.0150 0.0878 0.0013
0.1186 0.2242 0.0440 0.0012 0.0015 0.0008 0.5588 0.0010 0.9473 0.0068 0.0357 0.0010 0.0122 0.0139 0.0135 0.0318 0.0009 0.0021 0.6783 0.0145 0.0247 0.0122 0.0107 0.0011 0.0095 0.9847 0.0104 0.0246 0.6710 0.2391 0.5693 0.1000 0.3143 0.1025 0.0485 0.0140 0.0923 0.0010
0.0937 0.1048 0.0596 0.0010 0.0006 0.0010 0.7366 0.0010 0.9448 0.0113 0.0341 0.0012 0.0106 0.0133 0.0090 0.0454 0.0018 0.0018 0.7044 0.0280 0.0215 0.0130 0.0136 0.0016 0.0124 0.9883 0.0111 0.0227 0.7993 0.3665 0.5027 0.0747 0.2436 0.0800 0.0266 0.0119 0.1380 0.0014
0.1445 0.2327 0.0416 0.0011 0.0010 0.0007 0.5946 0.0011 0.9001 0.0242 0.0383 0.0013 0.0108 0.0125 0.0091 0.0197 0.0015 0.0006 0.5825 0.0236 0.0170 0.0107 0.0092 0.0013 0.0087 0.9908 0.0078 0.0280 0.6186 0.2581 0.5600 0.0712 0.3584 0.1006 0.0330 0.0158 0.0957 0.0010
0.0862 0.1027 0.0370 0.0010 0.0008 0.0013 0.6510 0.0010 0.9317 0.0192 0.0440 0.0010 0.0115 0.0188 0.0137 0.0246 0.0011 0.0010 0.6816 0.0395 0.0185 0.0099 0.0128 0.0012 0.0104 0.9891 0.0114 0.0185 0.6734 0.2484 0.4776 0.1438 0.2879 0.0534 0.0482 0.0109 0.0660 0.0012
0.1030 0.1314 0.0264 0.0010 0.0008 0.0010 0.6384 0.0013 0.9274 0.0095 0.0420 0.0008 0.0087 0.0090 0.0090 0.0219 0.0011 0.0015 0.6354 0.0318 0.0224 0.0084 0.0096 0.0022 0.0106 0.9866 0.0139 0.0410 0.6870 0.2350 0.5000 0.0741 0.2509 0.0940 0.0244 0.0125 0.0892 0.0010
0.1971 0.2736 0.0861 0.0019 0.0014 0.0014 0.4861 0.0018 0.8604 0.0174 0.0529 0.0014 0.0110 0.0133 0.0184 0.0293 0.0009 0.0011 0.5431 0.0300 0.0276 0.0109 0.0133 0.0012 0.0156 0.9879 0.0169 0.0245 0.5314 0.2578 0.5987 0.1072 0.4265 0.1415 0.0304 0.0258 0.0943 0.0016
0.0694 0.1284 0.0673 0.0010 0.0008 0.0010 0.7293 0.0009 0.9247 0.0160 0.0372 0.0007 0.0082 0.0125 0.0127 0.0249 0.0012 0.0009 0.6938 0.0266 0.0156 0.0095 0.0138 0.0016 0.0075 0.9887 0.0138 0.0221 0.7785 0.2975 0.5581 0.0878 0.2284 0.1110 0.0367 0.0111 0.0621 0.0011
0.1098 0.0921 0.0321 0.0009 0.0012 0.0013 0.7290 0.0009 0.9472 0.0098 0.0367 0.0013 0.0167 0.0176 0.0083 0.0231 0.0016 0.0012 0.7529 0.0396 0.0211 0.0132 0.0187 0.0013 0.0109 0.9923 0.0107 0.0341 0.7295 0.2525 0.3957 0.1080 0.2072 0.0794 0.0436 0.0164 0.1223 0.0012
0.1143 0.1803 0.0583 0.0012 0.0012 0.0009 0.6231 0.0009 0.9337 0.0141 0.0391 0.0014 0.0104 0.0129 0.0100 0.0258 0.0009 0.0011 0.5898 0.0289 0.0191 0.0089 0.0175 0.0011 0.0087 0.9910 0.0092 0.0213 0.6206 0.2109 0.4471 0.1293 0.3560 0.0782 0.0307 0.0136 0.0716 0.0008
0.0957 0.1039 0.0573 0.0013 0.0012 0.0013 0.6816 0.0012 0.9336 0.0095 0.0302 0.0008 0.0105 0.0104 0.0117 0.0170 0.0007 0.0010 0.7512 0.0165 0.0200 0.0121 0.0091 0.0012 0.0183 0.9859 0.0135 0.0240 0.7534 0.2166 0.4573 0.0983 0.1970 0.0980 0.0344 0.0205 0.1126 0.0010
0.0829 0.1351 0.0433 0.0009 0.0015 0.0012 0.7276 0.0009 0.9501 0.0086 0.0289 0.0011 0.0127 0.0123 0.0157 0.0163 0.0012 0.0014 0.7542 0.0284 0.0288 0.0153 0.0152 0.0008 0.0100 0.9888 0.0096 0.0232 0.7700 0.2985 0.4809 0.1019 0.2440 0.0814 0.0396 0.0158 0.0881 0.0012
0.0948 0.0878 0.0643 0.0009 0.0015 0.0011 0.7415 0.0009 0.9396 0.0076 0.0293 0.0010 0.0093 0.0118 0.0141 0.0223 0.0011 0.0012 0.7734 0.0270 0.0209 0.0063 0.0113 0.0009 0.0178 0.9874 0.0111 0.0297 0.8171 0.2715 0.4202 0.1216 0.1737 0.0661 0.0334 0.0170 0.0765 0.0018
