0.0062 0.0015 0.0007 0.0001 0.0001 0.0001 0.0015 0.0004 0.6954 0.0003 0.0021 0.0009 0.0003 0.0004 0.0004 0.0010 0.0001 0.0001 0.0065 0.0209 0.0263 0.0147 0.0180 0.0010 0.0017 0.9116 0.0399 0.0323 0.7472 0.7619 0.8094 0.0907 0.0870 0.0199 0.0104 0.0074 0.0039 0.0024
0.0065 0.0018 0.0009 0.0002 0.0001 0.0001 0.0036 0.0003 0.8382 0.0002 0.0037 0.0009 0.0004 0.0006 0.0010 0.0008 0.0001 0.0001 0.0129 0.0343 0.0220 0.0123 0.0103 0.0991 0.0985 0.9942 0.0078 0.1230 0.3751 0.7298 0.7868 0.0279 0.1059 0.0351 0.0178 0.0061 0.0976 0.0955
0.0073 0.0015 0.0008 0.0003 0.0001 0.0001 0.0033 0.0003 0.6300 0.0004 0.0017 0.0008 0.0003 0.0005 0.0008 0.0009 0.0001 0.0001 0.0077 0.0629 0.0823 0.0208 0.0159 0.0028 0.0028 0.9511 0.0247 0.0652 0.6836 0.6875 0.7332 0.0523 0.1203 0.0184 0.0179 0.0082 0.0061 0.0042
0.0051 0.0016 0.0010 0.0001 0.0001 0.0002 0.0013 0.0003 0.5476 0.0004 0.0015 0.0010 0.0007 0.0005 0.0005 0.0010 0.0001 0.0001 0.0093 0.0610 0.0964 0.0187 0.0171 0.0019 0.0042 0.9823 0.0281 0.0413 0.7358 0.7902 0.8015 0.0221 0.1160 0.0305 0.0113 0.0057 0.0122 0.0054
0.0079 0.0018 0.0010 0.0002 0.0002 0.0001 0.0035 0.0005 0.6580 0.0005 0.0025 0.0007 0.0004 0.0008 0.0010 0.0011 0.0001 0.0001 0.0116 0.0183 0.0167 0.0097 0.0323 0.1030 0.1054 0.9442 0.0652 0.1802 0.5199 0.4479 0.6787 0.1201 0.3120 0.0416 0.0210 0.0074 0.1080 0.1051
0.0046 0.0013 0.0013 0.0002 0.0001 0.0001 0.0032 0.0003 0.5684 0.0003 0.0016 0.0014 0.0003 0.0005 0.0004 0.0012 0.0001 0.0001 0.0163 0.0508 0.1021 0.0086 0.0122 0.0974 0.1003 0.9573 0.0384 0.1087 0.6871 0.7528 0.8407 0.0416 0.1556 0.0286 0.0111 0.0063 0.1049 0.1031
0.0053 0.0021 0.0007 0.0001 0.0001 0.0001 0.0033 0.0004 0.6976 0.0005 0.0019 0.0008 0.0004 0.0006 0.0006 0.0007 0.0001 0.0001 0.0108 0.0223 0.0412 0.0153 0.0101 0.2167 0.2512 0.9882 0.0222 0.2169 0.2075 0.7259 0.8061 0.0254 0.1611 0.0801 0.0200 0.0056 0.2374 0.2103
0.0060 0.0009 0.0008 0.0001 0.0001 0.0001 0.0029 0.0002 0.6176 0.0004 0.0022 0.0010 0.0004 0.0007 0.0006 0.0007 0.0001 0.0001 0.0058 0.0468 0.0609 0.0130 0.0109 0.1058 0.1003 0.9907 0.0181 0.1856 0.5928 0.8219 0.8416 0.0155 0.0449 0.0277 0.0128 0.0070 0.0818 0.0985
0.0088 0.0014 0.0008 0.0002 0.0002 0.0001 0.0020 0.0003 0.5219 0.0005 0.0026 0.0018 0.0005 0.0005 0.0005 0.0009 0.0001 0.0001 0.0116 0.0495 0.0497 0.0130 0.0113 0.0026 0.0037 0.9426 0.0366 0.1000 0.7184 0.5417 0.6119 0.0549 0.1408 0.0293 0.0154 0.0087 0.0068 0.0064
0.0046 0.0009 0.0010 0.0001 0.0001 0.0001 0.0030 0.0006 0.7266 0.0005 0.0018 0.0011 0.0004 0.0005 0.0004 0.0008 0.0001 0.0001 0.0101 0.0202 0.0322 0.0158 0.0111 0.0080 0.0060 0.9690 0.0294 0.2241 0.4981 0.6780 0.8070 0.0874 0.1439 0.0301 0.0164 0.0060 0.0095 0.0113
0.0051 0.0019 0.0009 0.0002 0.0001 0.0001 0.0028 0.0003 0.6120 0.0005 0.0027 0.0010 0.0003 0.0004 0.0006 0.0011 0.0001 0.0001 0.0109 0.0168 0.0467 0.0210 0.0191 0.0177 0.0201 0.9638 0.0148 0.1543 0.3672 0.6894 0.7724 0.0631 0.2373 0.0282 0.0182 0.0066 0.0141 0.0205
0.0047 0.0013 0.0007 0.0002 0.0001 0.0001 0.0025 0.0004 0.7397 0.0004 0.0017 0.0009 0.0004 0.0010 0.0005 0.0010 0.0001 0.0001 0.0151 0.0265 0.0402 0.0092 0.0088 0.0997 0.1009 0.9765 0.0473 0.1383 0.4909 0.7985 0.8578 0.0450 0.0869 0.0228 0.0139 0.0116 0.0926 0.0968
0.0080 0.0010 0.0009 0.0001 0.0001 0.0001 0.0028 0.0003 0.5952 0.0005 0.0024 0.0013 0.0005 0.0006 0.0006 0.0016 0.0001 0.0001 0.0121 0.0982 0.0892 0.0196 0.0128 0.1049 0.1175 0.9775 0.0117 0.1203 0.6296 0.7079 0.8536 0.0572 0.2216 0.0429 0.0127 0.0085 0.1090 0.1226
0.0028 0.0010 0.0010 0.0001 0.0001 0.0002 0.0024 0.0003 0.8826 0.0006 0.0019 0.0008 0.0003 0.0006 0.0006 0.0009 0.0001 0.0001 0.0061 0.0331 0.0335 0.0147 0.0136 0.0011 0.0027 0.9936 0.0044 0.1272 0.5619 0.9137 0.9721 0.0112 0.0812 0.0181 0.0120 0.0039 0.0025 0.0035
0.0086 0.0015 0.0008 0.0001 0.0001 0.0001 0.0019 0.0004 0.4453 0.0006 0.0024 0.0013 0.0005 0.0005 0.0005 0.0011 0.0001 0.0001 0.0151 0.0422 0.0493 0.0122 0.0142 0.0906 0.0748 0.8866 0.0712 0.0817 0.6662 0.7019 0.7028 0.0638 0.1203 0.0304 0.0237 0.0076 0.0887 0.0616
0.0039 0.0016 0.0011 0.0002 0.0001 0.0001 0.0027 0.0003 0.7150 0.0005 0.0017 0.0009 0.0005 0.0010 0.0004 0.0012 0.0001 0.0001 0.0076 0.0508 0.0615 0.0122 0.0167 0.2008 0.1950 0.9934 0.0096 0.2175 0.5427 0.8629 0.8947 0.0057 0.0931 0.0691 0.0082 0.0052 0.1880 0.1912
0.0037 0.0007 0.0009 0.0001 0.0001 0.0001 0.0017 0.0004 0.5863 0.0004 0.0014 0.0019 0.0004 0.0004 0.0005 0.0005 0.0001 0.0001 0.0075 0.0850 0.1357 0.0109 0.0157 0.0019 0.0024 0.9880 0.0133 0.0545 0.8373 0.8762 0.9085 0.0120 0.1132 0.0152 0.0125 0.0065 0.0060 0.0027
0.0062 0.0010 0.0006 0.0001 0.0001 0.0001 0.0028 0.0003 0.7591 0.0005 0.0021 0.0008 0.0003 0.0007 0.0005 0.0009 0.0001 0.0001 0.0160 0.0268 0.0354 0.0104 0.0092 0.0120 0.0156 0.9822 0.0253 0.1693 0.4554 0.5762 0.8066 0.0232 0.1674 0.0228 0.0118 0.0074 0.0150 0.0218
0.0069 0.0021 0.0011 0.0002 0.0002 0.0002 0.0039 0.0006 0.6528 0.0006 0.0022 0.0014 0.0007 0.0007 0.0012 0.0010 0.0002 0.0001 0.0184 0.0238 0.0183 0.0110 0.0141 0.1027 0.1103 0.9560 0.0340 0.1694 0.4649 0.6329 0.7811 0.0444 0.2186 0.0741 0.0138 0.0070 0.1113 0.1058
0.0120 0.0012 0.0013 0.0002 0.0001 0.0001 0.0030 0.0006 0.7991 0.0010 0.0022 0.0012 0.0007 0.0010 0.0006 0.0007 0.0001 0.0002 0.0266 0.0153 0.0101 0.0421 0.0153 0.1008 0.1007 0.9372 0.0519 0.1771 0.4184 0.4494 0.5170 0.1620 0.3773 0.0355 0.0350 0.0076 0.1010 0.1017
0.0048 0.0012 0.0008 0.0001 0.0001 0.0001 0.0036 0.0007 0.7363 0.0004 0.0030 0.0013 0.0006 0.0005 0.0005 0.0010 0.0001 0.0001 0.0184 0.0434 0.0887 0.0127 0.0085 0.0101 0.0122 0.9722 0.0145 0.0532 0.6143 0.8490 0.9279 0.0133 0.0444 0.0271 0.0120 0.0090 0.0149 0.0152
0.0055 0.0009 0.0007 0.0002 0.0001 0.0001 0.0020 0.0002 0.8980 0.0004 0.0016 0.0008 0.0003 0.0005 0.0004 0.0007 0.0002 0.0001 0.0076 0.0081 0.0110 0.0099 0.0191 0.0031 0.0022 0.9957 0.0064 0.1669 0.4851 0.7513 0.8043 0.0391 0.1304 0.0278 0.0128 0.0054 0.0148 0.0076
0.0062 0.0010 0.0009 0.0001 0.0001 0.0001 0.0045 0.0004 0.8025 0.0003 0.0014 0.0011 0.0003 0.0004 0.0004 0.0008 0.0001 0.0001 0.0080 0.0237 0.0319 0.0119 0.0116 0.0041 0.0027 0.9619 0.0553 0.0883 0.6578 0.7576 0.7833 0.0591 0.1107 0.0238 0.0201 0.0118 0.0132 0.0078
0.0035 0.0014 0.0012 0.0002 0.0002 0.0001 0.0031 0.0003 0.6885 0.0004 0.0015 0.0012 0.0009 0.0007 0.0006 0.0014 0.0001 0.0002 0.0107 0.0855 0.1311 0.0134 0.0170 0.0018 0.0024 0.9747 0.0394 0.0863 0.7767 0.7740 0.7863 0.0218 0.0873 0.0097 0.0245 0.0074 0.0046 0.0024
0.0046 0.0012 0.0011 0.0001 0.0002 0.0002 0.0028 0.0005 0.5992 0.0003 0.0018 0.0014 0.0006 0.0006 0.0006 0.0010 0.0001 0.0001 0.0133 0.0260 0.0533 0.0151 0.0088 0.1997 0.1973 0.9120 0.0893 0.1463 0.3110 0.7561 0.8471 0.0970 0.2256 0.0495 0.0166 0.0062 0.2012 0.1990
0.0059 0.0016 0.0009 0.0001 0.0001 0.0001 0.0024 0.0002 0.5119 0.0004 0.0023 0.0013 0.0005 0.0005 0.0010 0.0009 0.0001 0.0001 0.0067 0.0673 0.0768 0.0189 0.0194 0.0106 0.0054 0.9753 0.0678 0.2077 0.7298 0.7048 0.8012 0.0499 0.1542 0.0180 0.0133 0.0070 0.0102 0.0140
0.0074 0.0011 0.0012 0.0001 0.0002 0.0001 0.0019 0.0005 0.5338 0.0009 0.0026 0.0008 0.0004 0.0009 0.0007 0.0007 0.0002 0.0001 0.0112 0.0263 0.0409 0.0119 0.0135 0.2017 0.2013 0.9776 0.0187 0.0869 0.2895 0.5308 0.7948 0.0412 0.3274 0.0645 0.0182 0.0076 0.2148 0.1997
0.0026 0.0010 0.0005 0.0002 0.0001 0.0001 0.0036 0.0003 0.8142 0.0003 0.0025 0.0015 0.0004 0.0007 0.0007 0.0009 0.0001 0.0001 0.0106 0.0322 0.0431 0.0097 0.0097 0.0046 0.0055 0.9954 0.0040 0.1373 0.5770 0.8956 0.9069 0.0086 0.0420 0.0208 0.0084 0.0055 0.0108 0.0055
0.0108 0.0013 0.0006 0.0002 0.0001 0.0001 0.0034 0.0008 0.5462 0.0004 0.0020 0.0009 0.0005 0.0005 0.0006 0.0008 0.0001 0.0001 0.0148 0.0705 0.1077 0.0137 0.0225 0.0066 0.0100 0.9657 0.0259 0.0953 0.7091 0.6997 0.7767 0.0423 0.1346 0.0229 0.0137 0.0083 0.0095 0.0104
0.0047 0.0014 0.0008 0.0002 0.0001 0.0001 0.0030 0.0004 0.7599 0.0004 0.0020 0.0012 0.0004 0.0008 0.0005 0.0008 0.0001 0.0001 0.0142 0.0837 0.0417 0.0126 0.0154 0.0018 0.0026 0.9404 0.0750 0.0515 0.7657 0.7143 0.7525 0.0413 0.1067 0.0137 0.0148 0.0065 0.0050 0.0032
0.0029 0.0014 0.0009 0.0001 0.0001 0.0001 0.0034 0.0005 0.8617 0.0003 0.0019 0.0009 0.0003 0.0007 0.0004 0.0011 0.0001 0.0001 0.0067 0.0267 0.0526 0.0182 0.0097 0.0016 0.0013 0.9955 0.0033 0.1426 0.5623 0.8965 0.9762 0.0071 0.0500 0.0209 0.0074 0.0053 0.0042 0.0039
0.0034 0.0017 0.0006 0.0002 0.0001 0.0001 0.0028 0.0003 0.8071 0.0003 0.0016 0.0006 0.0004 0.0003 0.0005 0.0007 0.0001 0.0001 0.0057 0.0200 0.0526 0.0115 0.0078 0.0030 0.0021 0.9890 0.0156 0.0805 0.5641 0.7560 0.8180 0.0222 0.0661 0.0215 0.0112 0.0069 0.0044 0.0034
0.0084 0.0013 0.0009 0.0002 0.0001 0.0001 0.0029 0.0004 0.5673 0.0003 0.0025 0.0012 0.0006 0.0004 0.0005 0.0012 0.0001 0.0001 0.0142 0.0659 0.0779 0.0185 0.0185 0.1954 0.1731 0.9785 0.0115 0.1750 0.2822 0.6919 0.8201 0.0283 0.2525 0.0543 0.0135 0.0062 0.1992 0.1976
0.0035 0.0012 0.0009 0.0001 0.0001 0.0001 0.0026 0.0005 0.7183 0.0006 0.0013 0.0011 0.0006 0.0005 0.0005 0.0007 0.0001 0.0001 0.0171 0.0572 0.0971 0.0102 0.0176 0.0018 0.0026 0.9877 0.0089 0.1255 0.8140 0.9540 0.9455 0.0058 0.0273 0.0131 0.0153 0.0067 0.0053 0.0036
0.0072 0.0010 0.0010 0.0001 0.0001 0.0001 0.0042 0.0004 0.7143 0.0004 0.0016 0.0014 0.0003 0.0005 0.0008 0.0012 0.0001 0.0001 0.0085 0.0222 0.0188 0.0225 0.0110 0.1115 0.1085 0.9930 0.0053 0.2143 0.5899 0.9425 0.9510 0.0070 0.0559 0.0291 0.0061 0.0067 0.1143 0.1212
0.0067 0.0018 0.0012 0.0002 0.0001 0.0001 0.0019 0.0006 0.5917 0.0004 0.0014 0.0011 0.0003 0.0006 0.0008 0.0009 0.0001 0.0001 0.0061 0.0411 0.0626 0.0122 0.0155 0.0097 0.0055 0.9667 0.0309 0.1633 0.8470 0.7505 0.7996 0.0468 0.1445 0.0154 0.0151 0.0066 0.0116 0.0089
0.0035 0.0015 0.0007 0.0002 0.0001 0.0001 0.0028 0.0005 0.5973 0.0005 0.0024 0.0011 0.0006 0.0010 0.0007 0.0011 0.0001 0.0001 0.0080 0.0504 0.0487 0.0151 0.0170 0.1106 0.1138 0.9893 0.0157 0.1477 0.5690 0.8437 0.8909 0.0233 0.0521 0.0477 0.0121 0.0096 0.1154 0.1130
0.0063 0.0017 0.0017 0.0001 0.0001 0.0001 0.0023 0.0003 0.6094 0.0004 0.0033 0.0009 0.0003 0.0005 0.0004 0.0008 0.0001 0.0001 0.0073 0.0302 0.0606 0.0111 0.0132 0.0131 0.0143 0.9854 0.0535 0.0621 0.6713 0.6896 0.7332 0.0843 0.1963 0.0194 0.0127 0.0090 0.0161 0.0045
0.0106 0.0014 0.0011 0.0002 0.0002 0.0002 0.0030 0.0006 0.4702 0.0005 0.0040 0.0020 0.0007 0.0007 0.0008 0.0008 0.0002 0.0001 0.0092 0.0872 0.1210 0.0081 0.0150 0.0138 0.0086 0.9440 0.0626 0.1418 0.8100 0.7768 0.7916 0.0832 0.1308 0.0114 0.0159 0.0073 0.0204 0.0096
0.0054 0.0012 0.0009 0.0001 0.0001 0.0001 0.0024 0.0002 0.4998 0.0003 0.0018 0.0009 0.0004 0.0005 0.0003 0.0007 0.0001 0.0001 0.0059 0.1195 0.1621 0.0105 0.0084 0.0071 0.0030 0.9891 0.0082 0.1142 0.7224 0.9063 0.9392 0.0121 0.0612 0.0162 0.0089 0.0045 0.0077 0.0085
0.0057 0.0018 0.0006 0.0002 0.0001 0.0001 0.0035 0.0003 0.4907 0.0005 0.0018 0.0013 0.0007 0.0005 0.0005 0.0009 0.0002 0.0001 0.0107 0.0575 0.1318 0.0209 0.0131 0.1118 0.1048 0.9450 0.0696 0.1278 0.7182 0.6658 0.7057 0.1114 0.1758 0.0235 0.0327 0.0056 0.1154 0.1024
0.0085 0.0016 0.0006 0.0002 0.0001 0.0002 0.0032 0.0004 0.6778 0.0003 0.0019 0.0014 0.0005 0.0007 0.0007 0.0010 0.0001 0.0002 0.0148 0.0337 0.0406 0.0123 0.0073 0.0031 0.0058 0.9538 0.0888 0.1135 0.6088 0.5861 0.5928 0.1101 0.0943 0.0277 0.0213 0.0089 0.0068 0.0071
0.0046 0.0009 0.0006 0.0002 0.0001 0.0001 0.0023 0.0003 0.6627 0.0005 0.0016 0.0013 0.0003 0.0004 0.0003 0.0009 0.0001 0.0001 0.0106 0.0422 0.0610 0.0127 0.0138 0.0097 0.0167 0.9438 0.0313 0.1108 0.6705 0.6247 0.6848 0.0662 0.0792 0.0237 0.0340 0.0086 0.0036 0.0245
0.0033 0.0014 0.0007 0.0001 0.0001 0.0001 0.0035 0.0004 0.8861 0.0004 0.0023 0.0015 0.0004 0.0007 0.0006 0.0011 0.0001 0.0001 0.0097 0.0509 0.0431 0.0113 0.0146 0.0119 0.0045 0.9807 0.0085 0.1843 0.6705 0.8986 0.9439 0.0110 0.1040 0.0177 0.0099 0.0074 0.0217 0.0134
0.0035 0.0014 0.0008 0.0002 0.0001 0.0001 0.0020 0.0004 0.7807 0.0003 0.0015 0.0018 0.0004 0.0005 0.0005 0.0011 0.0002 0.0001 0.0122 0.0520 0.0792 0.0152 0.0154 0.0022 0.0032 0.9809 0.0167 0.1286 0.6853 0.7602 0.8510 0.0363 0.0788 0.0223 0.0070 0.0058 0.0030 0.0064
0.0044 0.0017 0.0009 0.0002 0.0001 0.0002 0.0042 0.0005 0.8013 0.0005 0.0028 0.0020 0.0005 0.0008 0.0005 0.0011 0.0002 0.0002 0.0099 0.0663 0.0827 0.0110 0.0118 0.0030 0.0062 0.9920 0.0053 0.2102 0.5276 0.9761 0.9750 0.0035 0.0112 0.0209 0.0109 0.0038 0.0057 0.0055
0.0045 0.0019 0.0010 0.0002 0.0002 0.0002 0.0027 0.0006 0.6833 0.0006 0.0028 0.0009 0.0004 0.0006 0.0006 0.0010 0.0001 0.0001 0.0138 0.0338 0.0490 0.0218 0.0180 0.1935 0.1977 0.9532 0.0243 0.1849 0.6338 0.7634 0.7887 0.0448 0.0627 0.0256 0.0206 0.0122 0.1962 0.1874
0.0055 0.0012 0.0012 0.0001 0.0002 0.0001 0.0021 0.0003 0.5761 0.0007 0.0017 0.0015 0.0005 0.0005 0.0007 0.0010 0.0001 0.0001 0.0094 0.0392 0.0359 0.0105 0.0089 0.1018 0.1044 0.9562 0.0142 0.1251 0.5293 0.6633 0.8485 0.0253 0.2211 0.0484 0.0099 0.0062 0.1034 0.1043
0.0064 0.0016 0.0008 0.0002 0.0001 0.0001 0.0021 0.0005 0.7567 0.0003 0.0020 0.0010 0.0006 0.0007 0.0004 0.0008 0.0001 0.0001 0.0092 0.0361 0.0442 0.0206 0.0107 0.0109 0.0051 0.9764 0.0151 0.1484 0.6505 0.7674 0.8773 0.0211 0.0332 0.0209 0.0152 0.0071 0.0073 0.0100
0.0056 0.0016 0.0007 0.0004 0.0004 0.0002 0.0022 0.0005 0.6998 0.0005 0.0022 0.0017 0.0005 0.0008 0.0005 0.0017 0.0002 0.0002 0.0158 0.0274 0.0283 0.0116 0.0162 0.1372 0.1743 0.9389 0.0383 0.1473 0.4773 0.7590 0.8478 0.0524 0.1598 0.0250 0.0202 0.0060 0.1613 0.1496
0.0024 0.0012 0.0015 0.0001 0.0001 0.0001 0.0026 0.0004 0.8965 0.0005 0.0013 0.0012 0.0005 0.0006 0.0006 0.0014 0.0001 0.0002 0.0117 0.0805 0.0791 0.0154 0.0126 0.0009 0.0012 0.9919 0.0068 0.0262 0.7813 0.9681 0.9285 0.0113 0.0514 0.0166 0.0105 0.0103 0.0045 0.0008
0.0026 0.0010 0.0008 0.0001 0.0001 0.0001 0.0021 0.0003 0.8973 0.0003 0.0014 0.0009 0.0003 0.0005 0.0005 0.0006 0.0001 0.0001 0.0102 0.0114 0.0226 0.0122 0.0097 0.0035 0.0033 0.9913 0.0119 0.2232 0.5502 0.8358 0.8435 0.0105 0.0195 0.0187 0.0135 0.0059 0.0067 0.0044
0.0037 0.0012 0.0009 0.0002 0.0001 0.0001 0.0026 0.0005 0.6915 0.0005 0.0017 0.0015 0.0005 0.0005 0.0006 0.0012 0.0002 0.0001 0.0161 0.0539 0.1169 0.0151 0.0088 0.0015 0.0009 0.9742 0.0211 0.1215 0.7777 0.9404 0.9214 0.0154 0.0250 0.0170 0.0113 0.0068 0.0027 0.0012
0.0067 0.0010 0.0007 0.0001 0.0001 0.0001 0.0026 0.0005 0.6963 0.0003 0.0015 0.0014 0.0003 0.0007 0.0004 0.0006 0.0001 0.0001 0.0083 0.0327 0.0555 0.0114 0.0125 0.0014 0.0020 0.9820 0.0397 0.0512 0.6451 0.7568 0.8618 0.0320 0.1104 0.0180 0.0121 0.0043 0.0035 0.0036
0.0041 0.0011 0.0008 0.0001 0.0001 0.0001 0.0023 0.0003 0.6953 0.0003 0.0016 0.0012 0.0004 0.0006 0.0004 0.0008 0.0001 0.0001 0.0079 0.0265 0.0337 0.0089 0.0118 0.1058 0.1118 0.9922 0.0082 0.2669 0.4014 0.7755 0.8730 0.0129 0.1386 0.0394 0.0111 0.0033 0.1075 0.1083
0.0049 0.0012 0.0007 0.0001 0.0001 0.0001 0.0021 0.0003 0.9020 0.0004 0.0034 0.0011 0.0003 0.0004 0.0004 0.0007 0.0001 0.0001 0.0105 0.0384 0.0241 0.0112 0.0099 0.0027 0.0069 0.9899 0.0059 0.2002 0.3311 0.7660 0.8776 0.0148 0.0765 0.0281 0.0088 0.0045 0.0054 0.0041
0.0045 0.0018 0.0010 0.0001 0.0001 0.0001 0.0023 0.0005 0.8823 0.0004 0.0031 0.0015 0.0005 0.0004 0.0004 0.0009 0.0001 0.0001 0.0109 0.0211 0.0305 0.0237 0.0133 0.0044 0.0026 0.9688 0.0131 0.0552 0.6180 0.8500 0.8570 0.0164 0.0572 0.0158 0.0098 0.0058 0.0082 0.0033
0.0076 0.0018 0.0011 0.0002 0.0002 0.0002 0.0030 0.0003 0.7269 0.0004 0.0022 0.0009 0.0005 0.0006 0.0006 0.0011 0.0001 0.0002 0.0076 0.0474 0.0371 0.0193 0.0102 0.2176 0.2055 0.9957 0.0051 0.1132 0.1126 0.9421 0.9753 0.0043 0.1126 0.0484 0.0064 0.0051 0.2137 0.1974
0.0102 0.0021 0.0010 0.0003 0.0001 0.0002 0.0018 0.0004 0.5063 0.0004 0.0015 0.0010 0.0004 0.0009 0.0007 0.0011 0.0001 0.0001 0.0093 0.0286 0.0546 0.0133 0.0147 0.0071 0.0129 0.9307 0.0884 0.1390 0.6716 0.6141 0.6699 0.1083 0.2720 0.0280 0.0343 0.0082 0.0181 0.0113
0.0073 0.0009 0.0007 0.0002 0.0002 0.0001 0.0022 0.0006 0.8639 0.0004 0.0021 0.0008 0.0005 0.0004 0.0005 0.0009 0.0001 0.0001 0.0077 0.0123 0.0333 0.0111 0.0115 0.0017 0.0034 0.9763 0.0119 0.1462 0.7069 0.7823 0.7850 0.0292 0.1454 0.0174 0.0298 0.0063 0.0042 0.0048
0.0077 0.0012 0.0009 0.0001 0.0002 0.0001 0.0027 0.0004 0.5983 0.0003 0.0021 0.0009 0.0006 0.0005 0.0006 0.0007 0.0001 0.0002 0.0214 0.0213 0.0557 0.0182 0.0109 0.0965 0.1090 0.9394 0.1021 0.0738 0.6097 0.7726 0.7801 0.1098 0.1447 0.0388 0.0240 0.0072 0.1004 0.0990
0.0071 0.0008 0.0009 0.0001 0.0001 0.0001 0.0015 0.0002 0.7251 0.0004 0.0020 0.0014 0.0004 0.0004 0.0008 0.0008 0.0001 0.0001 0.0147 0.0186 0.0288 0.0222 0.0135 0.0030 0.0046 0.9807 0.0107 0.1227 0.5841 0.6667 0.7632 0.0256 0.1358 0.0215 0.0120 0.0060 0.0130 0.0062
0.0040 0.0012 0.0008 0.0002 0.0001 0.0001 0.0038 0.0005 0.7266 0.0004 0.0016 0.0014 0.0003 0.0005 0.0005 0.0012 0.0001 0.0001 0.0108 0.0410 0.0792 0.0069 0.0129 0.0087 0.0070 0.9874 0.0168 0.2163 0.5894 0.6603 0.7305 0.0433 0.1572 0.0147 0.0221 0.0050 0.0071 0.0096
0.0068 0.0016 0.0006 0.0001 0.0001 0.0001 0.0033 0.0004 0.6972 0.0003 0.0018 0.0012 0.0003 0.0005 0.0004 0.0007 0.0002 0.0002 0.0152 0.0561 0.0575 0.0205 0.0096 0.0022 0.0030 0.9810 0.0179 0.1143 0.6638 0.7125 0.7906 0.0321 0.1868 0.0162 0.0151 0.0053 0.0031 0.0057
0.0042 0.0016 0.0010 0.0002 0.0001 0.0001 0.0022 0.0004 0.6058 0.0004 0.0021 0.0015 0.0003 0.0005 0.0008 0.0008 0.0001 0.0001 0.0110 0.0694 0.0703 0.0167 0.0176 0.1113 0.1295 0.9669 0.0234 0.1974 0.5819 0.7877 0.9142 0.0162 0.0936 0.0350 0.0109 0.0076 0.1084 0.1103
0.0059 0.0020 0.0007 0.0002 0.0001 0.0001 0.0034 0.0003 0.6073 0.0007 0.0024 0.0011 0.0003 0.0005 0.0005 0.0009 0.0001 0.0001 0.0068 0.0450 0.0655 0.0091 0.0129 0.0099 0.0058 0.9511 0.0387 0.1316 0.6979 0.6599 0.7043 0.1045 0.2519 0.0206 0.0174 0.0060 0.0280 0.0080
0.0054 0.0013 0.0009 0.0001 0.0001 0.0002 0.0025 0.0004 0.7959 0.0003 0.0024 0.0012 0.0004 0.0006 0.0005 0.0008 0.0001 0.0001 0.0069 0.0476 0.0770 0.0079 0.0096 0.0083 0.0039 0.9871 0.0130 0.1110 0.4106 0.8008 0.9007 0.0203 0.1352 0.0235 0.0093 0.0054 0.0093 0.0115
0.0047 0.0017 0.0007 0.0001 0.0001 0.0002 0.0034 0.0003 0.5595 0.0005 0.0023 0.0018 0.0004 0.0004 0.0004 0.0010 0.0002 0.0001 0.0129 0.0545 0.0812 0.0135 0.0093 0.0187 0.0116 0.9582 0.0319 0.0692 0.7362 0.7470 0.7602 0.0884 0.1638 0.0182 0.0127 0.0058 0.0093 0.0115
0.0035 0.0011 0.0011 0.0002 0.0001 0.0001 0.0026 0.0004 0.7669 0.0004 0.0017 0.0018 0.0004 0.0006 0.0006 0.0005 0.0001 0.0001 0.0123 0.0492 0.0476 0.0168 0.0097 0.0064 0.0150 0.9887 0.0153 0.1517 0.5520 0.8366 0.8838 0.0170 0.0706 0.0298 0.0151 0.0073 0.0275 0.0107
0.0035 0.0010 0.0010 0.0002 0.0001 0.0001 0.0019 0.0005 0.7024 0.0004 0.0014 0.0009 0.0006 0.0004 0.0006 0.0009 0.0001 0.0001 0.0119 0.0418 0.0278 0.0148 0.0081 0.1010 0.1012 0.9774 0.0219 0.2370 0.5931 0.7879 0.8891 0.0248 0.1916 0.0236 0.0070 0.0075 0.0982 0.0911
0.0042 0.0015 0.0009 0.0002 0.0001 0.0001 0.0015 0.0004 0.7713 0.0004 0.0026 0.0011 0.0003 0.0006 0.0005 0.0012 0.0001 0.0001 0.0115 0.0423 0.0493 0.0082 0.0068 0.0015 0.0029 0.9713 0.0171 0.1258 0.7497 0.7375 0.7573 0.0235 0.0626 0.0119 0.0146 0.0062 0.0061 0.0081
0.0048 0.0020 0.0010 0.0002 0.0002 0.0001 0.0042 0.0006 0.8404 0.0006 0.0040 0.0014 0.0008 0.0003 0.0006 0.0011 0.0001 0.0001 0.0139 0.0251 0.0228 0.0239 0.0122 0.0014 0.0019 0.9765 0.0255 0.1443 0.6688 0.7288 0.7433 0.0418 0.1035 0.0177 0.0175 0.0107 0.0070 0.0046
0.0060 0.0013 0.0013 0.0002 0.0002 0.0001 0.0028 0.0004 0.7704 0.0003 0.0015 0.0012 0.0006 0.0008 0.0006 0.0007 0.0001 0.0001 0.0122 0.0247 0.0438 0.0080 0.0103 0.0047 0.0069 0.9867 0.0202 0.1100 0.5456 0.6054 0.6990 0.0460 0.1576 0.0206 0.0161 0.0077 0.0130 0.0088
0.0037 0.0009 0.0009 0.0001 0.0001 0.0001 0.0017 0.0003 0.6298 0.0004 0.0017 0.0013 0.0005 0.0005 0.0007 0.0011 0.0002 0.0001 0.0075 0.0795 0.0740 0.0190 0.0163 0.0033 0.0061 0.9537 0.0520 0.0556 0.5395 0.5322 0.6407 0.0815 0.1964 0.0333 0.0226 0.0057 0.0141 0.0065
0.0051 0.0016 0.0009 0.0001 0.0001 0.0001 0.0030 0.0003 0.7300 0.0005 0.0021 0.0011 0.0006 0.0005 0.0007 0.0007 0.0001 0.0001 0.0092 0.0537 0.0598 0.0236 0.0108 0.0032 0.0039 0.9676 0.0298 0.0678 0.5139 0.7504 0.8336 0.0645 0.0987 0.0241 0.0095 0.0101 0.0066 0.0049
0.0033 0.0014 0.0009 0.0001 0.0001 0.0001 0.0031 0.0003 0.6759 0.0006 0.0018 0.0014 0.0003 0.0004 0.0004 0.0006 0.0001 0.0001 0.0086 0.0301 0.0850 0.0146 0.0132 0.0023 0.0024 0.9934 0.0227 0.1387 0.6613 0.8153 0.9344 0.0175 0.0625 0.0216 0.0078 0.0049 0.0068 0.0037
0.0023 0.0014 0.0007 0.0001 0.0001 0.0001 0.0029 0.0004 0.8557 0.0003 0.0013 0.0009 0.0004 0.0007 0.0004 0.0008 0.0001 0.0001 0.0083 0.0530 0.1284 0.0122 0.0126 0.0066 0.0048 0.9949 0.0075 0.1675 0.4937 0.8572 0.9074 0.0064 0.0882 0.0160 0.0081 0.0044 0.0077 0.0047
0.0148 0.0020 0.0017 0.0003 0.0001 0.0001 0.0023 0.0004 0.5107 0.0007 0.0023 0.0011 0.0008 0.0008 0.0009 0.0014 0.0001 0.0001 0.0153 0.0280 0.0321 0.0200 0.0163 0.0203 0.0197 0.8988 0.0514 0.1594 0.4834 0.6022 0.6941 0.0703 0.1448 0.0314 0.0220 0.0105 0.0222 0.0196
0.0045 0.0017 0.0008 0.0001 0.0002 0.0002 0.0020 0.0004 0.7157 0.0004 0.0015 0.0018 0.0004 0.0006 0.0006 0.0007 0.0001 0.0001 0.0142 0.0233 0.0216 0.0108 0.0157 0.1042 0.1085 0.9769 0.0335 0.1747 0.6194 0.6843 0.7262 0.0322 0.1148 0.0302 0.0093 0.0077 0.1179 0.1028
0.0070 0.0016 0.0006 0.0001 0.0001 0.0001 0.0025 0.0003 0.5125 0.0006 0.0029 0.0010 0.0006 0.0007 0.0010 0.0011 0.0001 0.0002 0.0124 0.0305 0.0144 0.0117 0.0115 0.1885 0.1929 0.9404 0.0470 0.1215 0.4972 0.5531 0.7030 0.1305 0.2338 0.0397 0.0214 0.0112 0.2017 0.1961
0.0085 0.0023 0.0009 0.0002 0.0001 0.0001 0.0030 0.0005 0.7996 0.0005 0.0019 0.0011 0.0006 0.0007 0.0007 0.0010 0.0001 0.0001 0.0147 0.0528 0.0427 0.0097 0.0109 0.0104 0.0126 0.9672 0.0523 0.1432 0.4355 0.6225 0.7913 0.0440 0.1668 0.0337 0.0157 0.0056 0.0107 0.0078
0.0034 0.0013 0.0010 0.0001 0.0001 0.0001 0.0030 0.0003 0.8763 0.0003 0.0014 0.0008 0.0005 0.0008 0.0005 0.0011 0.0001 0.0001 0.0108 0.0262 0.0233 0.0121 0.0050 0.0084 0.0244 0.9659 0.0276 0.1292 0.6281 0.7007 0.7664 0.0498 0.1354 0.0134 0.0070 0.0044 0.0090 0.0125
0.0040 0.0012 0.0008 0.0002 0.0001 0.0001 0.0036 0.0005 0.6953 0.0003 0.0022 0.0010 0.0004 0.0004 0.0006 0.0011 0.0002 0.0001 0.0055 0.1056 0.0939 0.0082 0.0131 0.0056 0.0071 0.9798 0.0086 0.0822 0.7233 0.9442 0.9818 0.0074 0.0767 0.0183 0.0088 0.0046 0.0084 0.0089
0.0037 0.0018 0.0008 0.0001 0.0001 0.0001 0.0031 0.0004 0.7137 0.0003 0.0018 0.0012 0.0003 0.0006 0.0008 0.0009 0.0001 0.0001 0.0095 0.0356 0.0372 0.0146 0.0118 0.0149 0.0136 0.9867 0.0090 0.0950 0.7398 0.8808 0.9196 0.0197 0.0803 0.0186 0.0095 0.0039 0.0067 0.0065
0.0079 0.0015 0.0008 0.0002 0.0002 0.0001 0.0032 0.0004 0.5479 0.0004 0.0019 0.0014 0.0005 0.0004 0.0006 0.0006 0.0001 0.0002 0.0171 0.0561 0.0331 0.0182 0.0108 0.0016 0.0017 0.9212 0.0959 0.0686 0.8345 0.4528 0.4588 0.1427 0.2437 0.0166 0.0170 0.0060 0.0023 0.0027
0.0096 0.0014 0.0007 0.0002 0.0002 0.0002 0.0034 0.0005 0.8117 0.0004 0.0018 0.0011 0.0005 0.0005 0.0006 0.0014 0.0002 0.0002 0.0167 0.0146 0.0252 0.0126 0.0083 0.0015 0.0023 0.9512 0.0476 0.1603 0.7553 0.5260 0.5908 0.0818 0.1650 0.0147 0.0269 0.0050 0.0069 0.0022
0.0072 0.0018 0.0007 0.0002 0.0001 0.0001 0.0021 0.0004 0.5305 0.0003 0.0024 0.0011 0.0004 0.0007 0.0006 0.0010 0.0001 0.0001 0.0186 0.0807 0.0618 0.0200 0.0105 0.0058 0.0052 0.9385 0.0493 0.1240 0.6411 0.5404 0.7366 0.0461 0.1127 0.0189 0.0145 0.0106 0.0087 0.0084
0.0034 0.0024 0.0008 0.0001 0.0001 0.0001 0.0031 0.0003 0.7889 0.0005 0.0024 0.0012 0.0004 0.0007 0.0005 0.0009 0.0001 0.0001 0.0171 0.0367 0.0308 0.0092 0.0105 0.0050 0.0045 0.9746 0.0230 0.1094 0.6642 0.7925 0.7802 0.0704 0.1430 0.0192 0.0093 0.0070 0.0095 0.0033
0.0033 0.0011 0.0007 0.0001 0.0001 0.0001 0.0021 0.0003 0.8254 0.0002 0.0011 0.0011 0.0003 0.0004 0.0004 0.0006 0.0001 0.0001 0.0104 0.0130 0.0285 0.0112 0.0121 0.0021 0.0020 0.9772 0.0179 0.1566 0.6845 0.7525 0.8226 0.0241 0.1490 0.0118 0.0146 0.0065 0.0061 0.0029
0.0072 0.0010 0.0007 0.0003 0.0002 0.0001 0.0029 0.0005 0.7036 0.0006 0.0027 0.0011 0.0004 0.0006 0.0004 0.0012 0.0001 0.0001 0.0177 0.0493 0.1084 0.0156 0.0116 0.0169 0.0110 0.9888 0.0217 0.1442 0.4457 0.7108 0.7502 0.0166 0.1880 0.0248 0.0203 0.0085 0.0148 0.0059
0.0085 0.0021 0.0009 0.0002 0.0002 0.0001 0.0029 0.0005 0.4948 0.0006 0.0019 0.0011 0.0004 0.0006 0.0005 0.0011 0.0001 0.0002 0.0195 0.0230 0.0433 0.0118 0.0196 0.0066 0.0037 0.8698 0.1466 0.0532 0.7169 0.4334 0.5727 0.1559 0.3184 0.0286 0.0238 0.0078 0.0068 0.0046
0.0063 0.0008 0.0006 0.0002 0.0001 0.0001 0.0023 0.0003 0.6774 0.0004 0.0017 0.0008 0.0003 0.0004 0.0004 0.0010 0.0001 0.0001 0.0108 0.0191 0.0383 0.0123 0.0133 0.1009 0.1017 0.9844 0.0139 0.1689 0.7044 0.7899 0.8443 0.0402 0.1194 0.0262 0.0211 0.0069 0.1008 0.1010
0.0034 0.0014 0.0009 0.0002 0.0001 0.0001 0.0026 0.0005 0.9952 0.0003 0.0018 0.0012 0.0003 0.0003 0.0005 0.0011 0.0001 0.0001 0.0123 0.0172 0.0142 0.0095 0.0122 0.0024 0.0013 0.9957 0.0055 0.1745 0.4570 0.8451 0.8841 0.0114 0.0485 0.0157 0.0077 0.0056 0.0043 0.0047
0.0051 0.0013 0.0008 0.0001 0.0001 0.0001 0.0020 0.0003 0.8273 0.0003 0.0016 0.0014 0.0004 0.0004 0.0006 0.0006 0.0001 0.0001 0.0074 0.0251 0.0356 0.0098 0.0089 0.0037 0.0057 0.9802 0.0187 0.3148 0.6484 0.7285 0.8156 0.0228 0.1252 0.0114 0.0064 0.0068 0.0107 0.0042
0.0029 0.0021 0.0009 0.0001 0.0002 0.0001 0.0022 0.0003 0.6969 0.0003 0.0014 0.0008 0.0007 0.0004 0.0005 0.0006 0.0001 0.0001 0.0075 0.0555 0.0808 0.0197 0.0134 0.0063 0.0036 0.9293 0.0613 0.1572 0.5711 0.7603 0.8036 0.0370 0.0872 0.0195 0.0117 0.0045 0.0113 0.0070
0.0078 0.0016 0.0012 0.0002 0.0002 0.0001 0.0037 0.0004 0.5807 0.0009 0.0026 0.0013 0.0005 0.0007 0.0007 0.0011 0.0001 0.0002 0.0117 0.0982 0.0945 0.0189 0.0165 0.0032 0.0044 0.9158 0.0407 0.1334 0.7310 0.5549 0.6623 0.0531 0.1016 0.0132 0.0159 0.0078 0.0073 0.0064
0.0067 0.0014 0.0008 0.0001 0.0001 0.0001 0.0011 0.0003 0.5800 0.0003 0.0014 0.0010 0.0006 0.0007 0.0007 0.0008 0.0001 0.0001 0.0090 0.0773 0.0678 0.0202 0.0106 0.0459 0.0538 0.9625 0.0712 0.1342 0.6936 0.7110 0.7796 0.0530 0.1444 0.0258 0.0160 0.0081 0.0409 0.0193
0.0116 0.0021 0.0007 0.0001 0.0002 0.0001 0.0017 0.0004 0.4899 0.0004 0.0024 0.0014 0.0005 0.0006 0.0005 0.0011 0.0001 0.0002 0.0146 0.0475 0.0399 0.0269 0.0128 0.0044 0.0075 0.9197 0.0546 0.1555 0.6927 0.5095 0.6128 0.1442 0.2245 0.0206 0.0212 0.0094 0.0056 0.0038
0.0099 0.0016 0.0006 0.0002 0.0001 0.0001 0.0031 0.0006 0.7058 0.0003 0.0017 0.0008 0.0004 0.0005 0.0006 0.0013 0.0001 0.0002 0.0105 0.0883 0.0660 0.0166 0.0101 0.0029 0.0073 0.9256 0.0737 0.1523 0.4876 0.7162 0.7815 0.0695 0.1359 0.0285 0.0091 0.0068 0.0101 0.0059
0.0032 0.0016 0.0010 0.0002 0.0001 0.0001 0.0033 0.0004 0.6830 0.0004 0.0024 0.0007 0.0004 0.0009 0.0004 0.0014 0.0001 0.0001 0.0113 0.0627 0.0533 0.0143 0.0082 0.0233 0.0119 0.9846 0.0064 0.0375 0.5717 0.8909 0.9419 0.0069 0.0958 0.0300 0.0098 0.0042 0.0257 0.0361
