0.0000 1.0000 0.9999 0.0000 0.0000 0.0000 1.0000 0.0000 0.0000 1.0000 0.0000 0.0000 0.0000 0.0000 0.0000 0.0000 0.0000 0.0000 0.0000 0.0000 0.0000 0.0000 0.0000 0.0000 0.0000 1.0000 0.0000 0.0000 0.9843 0.9843 0.0000 0.0000 0.0000 0.0000 0.0000 0.0000 0.0426 0.0426
0.0000 1.0000 0.9999 0.0000 0.0000 0.0000 1.0000 0.0000 0.0000 1.0000 0.0000 0.0000 0.0000 0.0000 0.0000 0.0000 0.0000 0.0000 0.0000 0.1000 0.1000 0.0000 0.0000 0.0000 0.0000 1.0000 0.0000 0.0000 0.3071 0.3071 0.0000 0.0000 0.0100 0.0000 0.3333 0.3333 0.0213 0.0213
0.0000 1.0000 0.9999 0.0000 0.0000 0.0000 1.0000 0.0000 0.0000 1.0000 0.0000 0.0000 0.0000 0.0000 0.0000 0.0000 0.0000 0.0000 0.0000 0.3000 0.3000 0.0000 0.0000 0.0000 0.0000 1.0000 0.0000 0.0000 0.2638 0.2638 0.0000 0.0000 0.0100 0.0000 0.0000 0.0000 0.0638 0.0638
0.0000 1.0000 0.9999 0.0000 0.0000 0.0000 1.0000 0.0000 0.0000 1.0000 0.0000 0.0000 0.0000 0.0000 0.0000 0.0000 0.0000 0.0000 0.0000 0.2000 0.2000 0.0000 0.0000 0.0000 0.0000 1.0000 0.0000 0.0000 0.8386 0.8386 0.0000 0.0000 0.0000 0.0000 0.0000 0.0000 0.0213 0.0213
0.0000 1.0000 0.9999 0.0000 0.0000 0.0000 1.0000 0.0000 0.0000 1.0000 0.0000 0.0000 0.0000 0.0000 0.0000 0.0000 0.0000 0.0000 0.0000 0.3000 0.3000 0.0000 0.0000 0.0000 0.0000 1.0000 0.0000 0.0000 0.0118 0.0118 0.0000 0.0000 0.2500 0.0000 0.0000 0.0000 0.0000 0.0000
0.0000 1.0000 0.9999 0.0000 0.0000 0.0000 1.0000 0.0000 0.0000 1.0000 0.0000 0.0000 0.0000 0.0000 0.0000 0.0000 0.0000 0.0000 0.0000 0.1000 0.1000 0.0000 0.0000 0.0000 0.0000 1.0000 0.0000 0.0000 0.4606 0.4606 0.0000 0.0000 0.0100 0.0000 0.0000 0.0000 0.0426 0.0426
0.0000 1.0000 0.9999 0.0000 0.0000 0.0000 1.0000 0.0000 0.0000 1.0000 0.0000 0.0000 0.0000 0.0000 0.0000 0.0000 0.0000 0.0000 0.0000 0.4000 0.4000 0.0000 0.0000 0.0000 0.0000 1.0000 0.0000 0.0000 0.6850 0.6850 0.0000 0.0000 0.0100 0.0000 0.0000 0.0000 0.1277 0.1277
0.0000 1.0000 0.9999 0.0000 0.0000 0.0000 1.0000 0.0000 0.0000 1.0000 0.0000 0.0000 0.0000 0.0000 0.0000 0.0000 0.0000 0.0000 0.0000 0.3000 0.3000 0.0000 0.0000 0.0000 0.0000 1.0000 0.0000 0.0000 0.3110 0.3110 0.0000 0.0000 0.0100 0.0000 0.0000 0.0000 0.0851 0.0851
0.0000 1.0000 0.9999 0.0000 0.0000 0.0000 1.0000 0.0000 0.0000 1.0000 0.0000 0.0000 0.0000 0.0000 0.0000 0.0000 0.0000 0.0000 0.0000 0.3000 0.5000 0.0000 0.0000 0.3333 0.6667 1.0000 0.0000 0.5000 0.7717 0.7717 0.0000 0.0000 0.0100 0.0000 0.0000 0.0000 0.1277 0.1277
0.0000 1.0000 0.9999 0.0000 0.0000 0.0000 1.0000 0.0000 0.0000 1.0000 0.0000 0.0000 0.0000 0.0000 0.0000 0.0000 0.0000 0.0000 0.0000 0.4000 0.4000 0.0000 0.0000 0.0000 0.0000 1.0000 0.0000 0.0000 0.9213 0.9213 0.0000 0.0000 0.0000 0.0000 0.0000 0.0000 0.1277 0.1277
0.0000 1.0000 0.9999 0.0000 0.0000 0.0000 1.0000 0.0000 0.0000 1.0000 0.0000 0.0000 0.0000 0.0000 0.0000 0.0000 0.0000 0.0000 0.0000 0.1000 0.1000 0.0000 0.0000 0.0000 0.0000 1.0000 0.0000 0.0000 0.7047 0.7047 0.0000 0.0000 0.0100 0.0000 0.0000 0.0000 0.0213 0.0213
0.0000 1.0000 0.9999 0.0000 0.0000 0.0000 1.0000 0.0000 0.0000 1.0000 0.0000 0.0000 0.0000 0.0000 0.0000 0.0000 0.0000 0.0000 0.0000 0.4000 0.4000 0.0000 0.0000 0.0000 0.0000 1.0000 0.0000 0.0000 0.0472 0.0472 0.0000 0.0000 0.0800 0.0000 0.0000 0.0000 0.1702 0.1702
0.0000 1.0000 0.9999 0.0000 0.0000 0.0000 1.0000 0.0000 0.0000 1.0000 0.0000 0.0000 0.0000 0.0000 0.0000 0.0000 0.0000 0.0000 0.0000 0.1000 0.1000 0.0000 0.0000 0.0000 0.0000 1.0000 0.0000 0.0000 0.9961 0.9961 0.0000 0.0000 0.0000 0.0000 0.0000 0.0000 0.0426 0.0426
0.0000 1.0000 0.9999 0.0000 0.0000 0.0000 1.0000 0.0000 0.0000 1.0000 0.0000 0.0000 0.0000 0.0000 0.0000 0.0000 0.0000 0.0000 0.0000 0.2000 0.2000 0.0000 0.0000 0.0000 0.0000 1.0000 0.0000 0.0000 0.0472 0.0472 0.0000 0.0000 0.0800 0.0000 0.0000 0.0000 0.0000 0.0000
0.0000 1.0000 0.9999 0.0000 0.0000 0.0000 1.0000 0.0000 0.0000 1.0000 0.0000 0.0000 0.0000 0.0000 0.0000 0.0000 0.0000 0.0000 0.0000 0.2000 0.2000 0.0000 0.0000 0.0000 0.0000 1.0000 0.0000 0.0000 0.3110 0.3110 0.0000 0.0000 0.0100 0.0000 0.3333 0.3333 0.0213 0.0213
0.0000 1.0000 0.9999 0.0000 0.0000 0.0000 1.0000 0.0000 0.0000 1.0000 0.0000 0.0000 0.0000 0.0000 0.0000 0.0000 0.0000 0.0000 0.0000 0.3000 0.3000 0.0000 0.0000 0.0000 0.0000 1.0000 0.0000 0.0000 0.2441 0.2441 0.0000 0.0000 0.0200 0.0000 0.0000 0.0000 0.4043 0.4043
0.0000 1.0000 1.0000 0.0000 0.0000 0.0000 0.0000 0.0000 0.0000 0.0000 0.0000 0.0000 0.0000 0.0000 0.0000 0.0000 0.0000 0.0000 0.0000 0.1000 0.1000 1.0000 1.0000 0.0000 0.0000 1.0000 0.0000 0.0000 1.0000 1.0000 0.0000 0.0000 0.0000 0.0000 0.0000 0.0000 0.0851 0.0851
0.0000 1.0000 0.9999 0.0000 0.0000 0.0000 1.0000 0.0000 0.0000 1.0000 0.0000 0.0000 0.0000 0.0000 0.0000 0.0000 0.0000 0.0000 0.0000 0.1000 0.1000 0.0000 0.0000 0.0000 0.0000 1.0000 0.0000 0.0000 0.9646 0.9646 0.0000 0.0000 0.0000 0.0000 0.0000 0.0000 0.0426 0.0426
0.0000 1.0000 0.9999 0.0000 0.0000 0.0000 1.0000 0.0000 0.0000 1.0000 0.0000 0.0000 0.0000 0.0000 0.0000 0.0000 0.0000 0.0000 0.0000 0.1000 0.2000 0.0000 0.0000 0.0000 0.4400 1.0000 0.0000 0.6700 0.6063 0.6063 0.0000 0.0000 0.0100 0.0000 0.0000 0.0000 0.0213 0.0213
0.0000 1.0000 0.9999 0.0000 0.0000 0.0000 1.0000 0.0000 0.0000 1.0000 0.0000 0.0000 0.0000 0.0000 0.0000 0.0000 0.0000 0.0000 0.0000 0.3000 0.3000 0.0000 0.0000 0.0000 0.0000 1.0000 0.0000 0.0000 0.4055 0.4055 0.0000 0.0000 0.0100 0.0000 0.0000 0.0000 0.1064 0.1064
0.0000 1.0000 0.9999 0.0000 0.0000 0.0000 1.0000 0.0000 0.0000 1.0000 0.0000 0.0000 0.0000 0.0000 0.0000 0.0000 0.0000 0.0000 0.0000 0.1000 0.3000 0.0000 0.0000 0.0000 0.6667 1.0000 0.0000 0.7500 1.0000 1.0000 0.0000 0.0000 0.0000 0.0000 0.0000 0.0000 0.1064 0.1064
0.0000 1.0000 0.9999 0.0000 0.0000 0.0000 1.0000 0.0000 0.0000 1.0000 0.0000 0.0000 0.0000 0.0000 0.0000 0.0000 0.0000 0.0000 0.0000 0.1000 0.1000 0.0000 0.0000 0.0000 0.0000 1.0000 0.0000 0.0000 0.6693 0.6693 0.0000 0.0000 0.0100 0.0000 0.0000 0.0000 0.0213 0.0213
0.0000 1.0000 0.9999 0.0000 0.0000 0.0000 1.0000 0.0000 0.0000 1.0000 0.0000 0.0000 0.0000 0.0000 0.0000 0.0000 0.0000 0.0000 0.0000 0.3000 0.3000 0.0000 0.0000 0.0000 0.0000 1.0000 0.0000 0.0000 0.4606 0.4606 0.0000 0.0000 0.0100 0.0000 0.0000 0.0000 0.0851 0.0851
0.0000 1.0000 0.9999 0.0000 0.0000 0.0000 1.0000 0.0000 0.0000 1.0000 0.0000 0.0000 0.0000 0.0000 0.0000 0.0000 0.0000 0.0000 0.0000 0.2000 0.3000 0.0000 0.0000 0.8933 1.0000 1.0000 0.0000 0.5000 1.0000 1.0000 0.0000 0.0000 0.0100 0.0000 0.0000 0.0000 0.0851 0.0851
0.0000 1.0000 0.9999 0.0000 0.0000 0.0000 1.0000 0.0000 0.0000 1.0000 0.0000 0.0000 0.0000 0.0000 0.0000 0.0000 0.0000 0.0000 0.0000 0.4000 0.4000 0.0000 0.0000 0.0000 0.0000 1.0000 0.0000 0.0000 1.0000 1.0000 0.0000 0.0000 0.0000 0.0000 0.0000 0.0000 0.1277 0.1277
0.0000 1.0000 0.9999 0.0000 0.0000 0.0000 0.0000 0.0000 0.0000 0.0000 0.0000 0.0000 0.0000 0.0000 0.0000 0.0000 0.0000 0.0000 0.0000 0.5000 0.6000 0.0000 0.0000 0.2267 0.3867 1.0000 0.0000 0.2900 1.0000 1.0000 0.0000 0.0000 0.0000 0.0000 0.0000 0.0000 0.0851 0.0851
0.0000 1.0000 0.9999 0.0000 0.0000 0.0000 1.0000 0.0000 0.0000 1.0000 0.0000 0.0000 0.0000 0.0000 0.0000 0.0000 0.0000 0.0000 0.0000 0.2000 0.2000 0.0000 0.0000 0.0000 0.0000 1.0000 0.0000 0.0000 0.5157 0.5157 0.0000 0.0000 0.0100 0.0000 0.0000 0.0000 0.0426 0.0426
0.0000 1.0000 0.9999 0.0000 0.0000 0.0000 1.0000 0.0000 0.0000 1.0000 0.0000 0.0000 0.0000 0.0000 0.0000 0.0000 0.0000 0.0000 0.0000 0.3000 0.4000 0.0000 0.0000 0.0000 0.2667 1.0000 0.0000 0.4000 1.0000 1.0000 0.0000 0.0000 0.0000 0.0000 0.0000 0.0000 0.1277 0.1277
0.0000 1.0000 0.9999 0.0000 0.0000 0.0000 1.0000 0.0000 0.0000 1.0000 0.0000 0.0000 0.0000 0.0000 0.0000 0.0000 0.0000 0.0000 0.0000 0.1000 0.1000 0.0000 0.0000 0.0000 0.0000 1.0000 0.0000 0.0000 0.4488 0.4488 0.0000 0.0000 0.0100 0.0000 0.0000 0.0000 0.0426 0.0426
0.0000 1.0000 0.9999 0.0000 0.0000 0.0000 1.0000 0.0000 0.0000 1.0000 0.0000 0.0000 0.0000 0.0000 0.0000 0.0000 0.0000 0.0000 0.0000 0.0000 0.0000 0.0000 0.0000 0.0000 0.0000 1.0000 0.0000 0.0000 0.8583 0.8583 0.0000 0.0000 0.0000 0.0000 0.0000 0.0000 0.0213 0.0213
0.0000 1.0000 0.9999 0.0000 0.0000 0.0000 1.0000 0.0000 0.0000 1.0000 0.0000 0.0000 0.0000 0.0000 0.0000 0.0000 0.0000 0.0000 0.0000 0.4000 0.4000 0.4000 0.4000 0.2667 0.2667 1.0000 0.0000 0.0000 1.0000 1.0000 0.0000 0.0000 0.0000 0.0000 0.0000 0.0000 0.1277 0.1277
0.0000 1.0000 0.9999 0.0000 0.0000 0.0000 1.0000 0.0000 0.0000 1.0000 0.0000 0.0000 0.0000 0.0000 0.0000 0.0000 0.0000 0.0000 0.0000 0.0000 0.0000 0.0000 0.0000 0.0000 0.0000 1.0000 0.0000 0.0000 0.6614 0.6614 0.0000 0.0000 0.0100 0.0000 0.0000 0.0000 0.0213 0.0213
0.0000 1.0000 0.9999 0.0000 0.0000 0.0000 1.0000 0.0000 0.0000 1.0000 0.0000 0.0000 0.0000 0.0000 0.0000 0.0000 0.0000 0.0000 0.0000 0.4000 0.4000 0.0000 0.0000 0.2667 0.2667 1.0000 0.0000 0.0000 0.8346 0.8346 0.0000 0.0000 0.0000 0.0000 0.0000 0.0000 0.1277 0.1277
0.0000 1.0000 0.9999 0.0000 0.0000 0.0000 1.0000 0.0000 0.0000 1.0000 0.0000 0.0000 0.0000 0.0000 0.0000 0.0000 0.0000 0.0000 0.0000 0.5000 0.5000 0.0000 0.0000 0.0000 0.0000 1.0000 0.0000 0.0000 1.0000 1.0000 0.0000 0.0000 0.0000 0.0000 0.0000 0.0000 0.1064 0.1064
0.0000 1.0000 0.9999 0.0000 0.0000 0.0000 1.0000 0.0000 0.0000 1.0000 0.0000 0.0000 0.0000 0.0000 0.0000 0.0000 0.0000 0.0000 0.0000 0.1000 0.2000 0.0000 0.0000 0.0000 0.4400 1.0000 0.0000 0.6700 0.5512 0.5512 0.0000 0.0000 0.0100 0.0000 0.0000 0.0000 0.0213 0.0213
0.0000 1.0000 0.9999 0.0000 0.0000 0.0000 1.0000 0.0000 0.0000 1.0000 0.0000 0.0000 0.0000 0.0000 0.0000 0.0000 0.0000 0.0000 0.0000 0.1000 0.1000 0.0000 0.0000 0.0000 0.0000 1.0000 0.0000 0.0000 0.5945 0.5945 0.0000 0.0000 0.0100 0.0000 0.0000 0.0000 0.0213 0.0213
0.0000 1.0000 0.9999 0.0000 0.0000 0.0000 1.0000 0.0000 0.0000 1.0000 0.0000 0.0000 0.0000 0.0000 0.0000 0.0000 0.0000 0.0000 0.0000 0.3000 0.3000 0.0000 0.0000 0.6667 0.6667 1.0000 0.0000 0.0000 1.0000 1.0000 0.0000 0.0000 0.0000 0.0000 0.0000 0.0000 0.1277 0.1277
0.0000 1.0000 0.9999 0.0000 0.0000 0.0000 1.0000 0.0000 0.0000 1.0000 0.0000 0.0000 0.0000 0.0000 0.0000 0.0000 0.0000 0.0000 0.0000 0.4000 0.4000 0.0000 0.0000 0.0000 0.0000 1.0000 0.0000 0.0000 0.5079 0.5079 0.0000 0.0000 0.0100 0.0000 0.0000 0.0000 0.1064 0.1064
0.0000 1.0000 0.9999 0.0000 0.0000 0.0000 1.0000 0.0000 0.0000 1.0000 0.0000 0.0000 0.0000 0.0000 0.0000 0.0000 0.0000 0.0000 0.0000 0.3000 0.3000 0.0000 0.0000 0.0000 0.0000 1.0000 0.0000 0.0000 0.7008 0.7008 0.0000 0.0000 0.0100 0.0000 0.0000 0.0000 0.1277 0.1277
0.0000 1.0000 1.0000 0.0000 0.0000 0.0000 0.5000 0.0000 0.0000 0.0000 0.0000 0.0000 0.0000 0.0000 0.0000 0.0000 0.0000 0.0000 0.0000 0.1000 0.1000 1.0000 1.0000 0.0000 0.0000 1.0000 0.0000 0.0000 1.0000 1.0000 0.0000 0.0000 0.0000 0.0000 0.3333 0.3333 0.1064 0.1064
0.0000 1.0000 0.9999 0.0000 0.0000 0.0000 1.0000 0.0000 0.0000 1.0000 0.0000 0.0000 0.0000 0.0000 0.0000 0.0000 0.0000 0.0000 0.0000 0.1000 0.1000 0.0000 0.0000 0.0000 0.0000 1.0000 0.0000 0.0000 0.4134 0.4134 0.0000 0.0000 0.0100 0.0000 0.0000 0.0000 0.0213 0.0213
0.0000 1.0000 0.9999 0.0000 0.0000 0.0000 1.0000 0.0000 0.0000 1.0000 0.0000 0.0000 0.0000 0.0000 0.0000 0.0000 0.0000 0.0000 0.0000 0.3000 0.3000 0.0000 0.0000 0.3333 0.3333 1.0000 0.0000 0.0000 1.0000 1.0000 0.0000 0.0000 0.0000 0.0000 0.0000 0.0000 0.0638 0.0638
0.0000 1.0000 0.9999 0.0000 0.0000 0.0000 1.0000 0.0000 0.0000 1.0000 0.0000 0.0000 0.0000 0.0000 0.0000 0.0000 0.0000 0.0000 0.0000 0.4000 0.5000 0.0000 0.0000 0.0000 0.2267 1.0000 0.0000 0.3300 1.0000 1.0000 0.0000 0.0000 0.0000 0.0000 0.0000 0.0000 0.0638 0.0638
0.0000 1.0000 0.9999 0.0000 0.0000 0.0000 1.0000 0.0000 0.0000 1.0000 0.0000 0.0000 0.0000 0.0000 0.0000 0.0000 0.0000 0.0000 0.0000 0.1000 0.1000 0.0000 0.0000 0.0000 0.0000 1.0000 0.0000 0.0000 0.6929 0.6929 0.0000 0.0000 0.0100 0.0000 0.0000 0.0000 0.0213 0.0213
0.0000 1.0000 0.9999 0.0000 0.0000 0.0000 1.0000 0.0000 0.0000 1.0000 0.0000 0.0000 0.0000 0.0000 0.0000 0.0000 0.0000 0.0000 0.0000 0.2000 0.2000 0.0000 0.0000 0.0000 0.0000 1.0000 0.0000 0.0000 0.1772 0.1772 0.0000 0.0000 0.0200 0.0000 0.0000 0.0000 0.5532 0.5532
0.0000 1.0000 0.9999 0.0000 0.0000 0.0000 1.0000 0.0000 0.0000 1.0000 0.0000 0.0000 0.0000 0.0000 0.0000 0.0000 0.0000 0.0000 0.0000 0.5000 0.5000 0.0000 0.0000 0.0000 0.0000 1.0000 0.0000 0.0000 1.0000 1.0000 0.0000 0.0000 0.0000 0.0000 0.3333 0.3333 0.0426 0.0426
0.0000 1.0000 0.9999 0.0000 0.0000 0.0000 1.0000 0.0000 0.0000 1.0000 0.0000 0.0000 0.0000 0.0000 0.0000 0.0000 0.0000 0.0000 0.0000 0.1000 0.1000 0.0000 0.0000 0.0000 0.0000 1.0000 0.0000 0.0000 0.6220 0.6220 0.0000 0.0000 0.0100 0.0000 0.0000 0.0000 0.0213 0.0213
0.0000 0.0000 0.3512 0.0000 0.0000 0.0000 0.5000 0.0000 0.0000 0.0000 0.0000 0.0000 0.0000 0.0000 0.0000 0.0000 0.0000 0.0000 0.0000 0.3000 0.3000 0.0000 0.0000 1.0000 1.0000 1.0000 0.0000 0.0000 1.0000 1.0000 0.0000 0.0000 0.0000 0.0000 0.0000 0.0000 0.0851 0.0851
0.0000 1.0000 0.9999 0.0000 0.0000 0.0000 1.0000 0.0000 0.0000 1.0000 0.0000 0.0000 0.0000 0.0000 0.0000 0.0000 0.0000 0.0000 0.0000 0.3000 0.3000 0.0000 0.0000 0.0000 0.0000 1.0000 0.0000 0.0000 0.1457 0.1457 0.0000 0.0000 0.0300 0.0000 1.0000 1.0000 0.0638 0.0638
0.0000 1.0000 0.9999 0.0000 0.0000 0.0000 1.0000 0.0000 0.0000 1.0000 0.0000 0.0000 0.0000 0.0000 0.0000 0.0000 0.0000 0.0000 0.0000 0.3000 0.3000 0.0000 0.0000 0.0000 0.0000 1.0000 0.0000 0.0000 0.1929 0.1929 0.0000 0.0000 0.0200 0.0000 0.6667 0.6667 0.0426 0.0426
0.0000 1.0000 0.8779 0.0000 0.0000 0.0000 0.5000 0.0000 0.0000 0.0000 0.0000 0.0000 0.0000 0.0000 0.0000 0.0000 0.0000 0.0000 0.0000 0.1000 0.1000 0.0000 0.0000 0.6667 0.6667 1.0000 0.0000 0.0000 1.0000 1.0000 0.0000 0.0000 0.0000 0.0000 0.0000 0.0000 0.0851 0.0851
0.0000 1.0000 0.9999 0.0000 0.0000 0.0000 1.0000 0.0000 0.0000 1.0000 0.0000 0.0000 0.0000 0.0000 0.0000 0.0000 0.0000 0.0000 0.0000 0.0000 0.1000 0.0000 0.0000 0.0000 0.6667 1.0000 0.0000 1.0000 0.7087 0.7087 0.0000 0.0000 0.0100 0.0000 0.0000 0.0000 0.0213 0.0213
0.0000 1.0000 0.9999 0.0000 0.0000 0.0000 1.0000 0.0000 0.0000 1.0000 0.0000 0.0000 0.0000 0.0000 0.0000 0.0000 0.0000 0.0000 0.0000 0.4000 0.5000 0.0000 0.0000 0.5333 0.6667 1.0000 0.0000 0.3300 1.0000 1.0000 0.0000 0.0000 0.0000 0.0000 0.0000 0.0000 0.0638 0.0638
0.0000 1.0000 0.9999 0.0000 0.0000 0.0000 1.0000 0.0000 0.0000 1.0000 0.0000 0.0000 0.0000 0.0000 0.0000 0.0000 0.0000 0.0000 0.0000 0.3000 0.3000 0.0000 0.0000 0.3333 0.3333 1.0000 0.0000 0.0000 0.5630 0.5630 0.0000 0.0000 0.0100 0.0000 0.0000 0.0000 0.1277 0.1277
0.0000 1.0000 0.9999 0.0000 0.0000 0.0000 1.0000 0.0000 0.0000 1.0000 0.0000 0.0000 0.0000 0.0000 0.0000 0.0000 0.0000 0.0000 0.0000 0.2000 0.2000 0.0000 0.0000 0.4400 0.4400 1.0000 0.0000 0.0000 0.0079 0.0079 0.0000 0.0000 0.3300 0.0000 0.0000 0.0000 0.7021 0.7021
0.0000 1.0000 0.9999 0.0000 0.0000 0.0000 1.0000 0.0000 0.0000 1.0000 0.0000 0.0000 0.0000 0.0000 0.0000 0.0000 0.0000 0.0000 0.0000 0.1000 0.2000 0.0000 0.0000 0.6667 0.8933 1.0000 0.0000 0.6700 1.0000 1.0000 0.0000 0.0000 0.0000 0.0000 0.3333 0.3333 0.1064 0.1064
0.0000 1.0000 0.9999 0.0000 0.0000 0.0000 1.0000 0.0000 0.0000 1.0000 0.0000 0.0000 0.0000 0.0000 0.0000 0.0000 0.0000 0.0000 0.0000 0.0000 0.0000 0.0000 0.0000 0.0000 0.0000 1.0000 0.0000 0.0000 1.0000 1.0000 0.0000 0.0000 0.0000 0.0000 0.3333 0.3333 0.0851 0.0851
0.0000 1.0000 0.9999 0.0000 0.0000 0.0000 1.0000 0.0000 0.0000 1.0000 0.0000 0.0000 0.0000 0.0000 0.0000 0.0000 0.0000 0.0000 0.0000 0.4000 0.4000 0.0000 0.0000 0.0000 0.0000 1.0000 0.0000 0.0000 0.1220 0.1220 0.0000 0.0000 0.0300 0.0000 0.0000 0.0000 0.1277 0.1277
0.0000 1.0000 0.9999 0.0000 0.0000 0.0000 1.0000 0.0000 0.0000 1.0000 0.0000 0.0000 0.0000 0.0000 0.0000 0.0000 0.0000 0.0000 0.0000 0.3000 0.3000 0.0000 0.0000 0.3333 0.3333 1.0000 0.0000 0.0000 0.5236 0.5236 0.0000 0.0000 0.0100 0.0000 0.0000 0.0000 0.1064 0.1064
0.0000 1.0000 0.9999 0.0000 0.0000 0.0000 1.0000 0.0000 0.0000 1.0000 0.0000 0.0000 0.0000 0.0000 0.0000 0.0000 0.0000 0.0000 0.0000 0.2000 0.2000 0.0000 0.0000 0.0000 0.0000 1.0000 0.0000 0.0000 0.0906 0.0906 0.0000 0.0000 0.0400 0.0000 0.0000 0.0000 0.0851 0.0851
0.0000 1.0000 0.9999 0.0000 0.0000 0.0000 1.0000 0.0000 0.0000 1.0000 0.0000 0.0000 0.0000 0.0000 0.0000 0.0000 0.0000 0.0000 0.0000 0.1000 0.1000 0.0000 0.0000 0.0000 0.0000 1.0000 0.0000 0.0000 0.3898 0.3898 0.0000 0.0000 0.0100 0.0000 0.0000 0.0000 0.0213 0.0213
0.0000 1.0000 0.9999 0.0000 0.0000 0.0000 1.0000 0.0000 0.0000 1.0000 0.0000 0.0000 0.0000 0.0000 0.0000 0.0000 0.0000 0.0000 0.0000 0.0000 0.0000 0.0000 0.0000 0.0000 0.0000 1.0000 0.0000 0.0000 0.0000 0.0000 0.0000 0.0000 1.0000 0.0000 0.0000 0.0000 0.0000 0.0000
0.0000 1.0000 0.9999 0.0000 0.0000 0.0000 1.0000 0.0000 0.0000 1.0000 0.0000 0.0000 0.0000 0.0000 0.0000 0.0000 0.0000 0.0000 0.0000 0.3000 0.3000 0.0000 0.0000 0.3333 0.3333 1.0000 0.0000 0.0000 0.2677 0.2677 0.0000 0.0000 0.0100 0.0000 0.0000 0.0000 0.4043 0.4043
0.0000 0.9811 0.8779 0.0000 0.0000 0.0000 0.5000 0.0000 0.0000 0.0000 0.0000 0.0000 0.0000 0.0000 0.0000 0.0000 0.0000 0.0000 0.0000 0.2000 0.2000 0.0000 0.0000 0.4400 0.4400 1.0000 0.0000 0.0000 1.0000 1.0000 0.0000 0.0000 0.0000 0.0000 0.0000 0.0000 0.1277 0.1277
0.0000 1.0000 0.9999 0.0000 0.0000 0.0000 1.0000 0.0000 0.0000 1.0000 0.0000 0.0000 0.0000 0.0000 0.0000 0.0000 0.0000 0.0000 0.0000 0.3000 0.3000 0.0000 0.0000 0.0000 0.0000 1.0000 0.0000 0.0000 0.4291 0.4291 0.0000 0.0000 0.0100 0.0000 0.0000 0.0000 0.1064 0.1064
0.0000 1.0000 0.9999 0.0000 0.0000 0.0000 1.0000 0.0000 0.0000 1.0000 0.0000 0.0000 0.0000 0.0000 0.0000 0.0000 0.0000 0.0000 0.0000 0.1000 0.2000 0.0000 0.0000 0.0000 0.4400 1.0000 0.0000 0.6700 0.1732 0.1732 0.0000 0.0000 0.0200 0.0000 0.0000 0.0000 0.0000 0.0000
0.0000 1.0000 0.9999 0.0000 0.0000 0.0000 1.0000 0.0000 0.0000 1.0000 0.0000 0.0000 0.0000 0.0000 0.0000 0.0000 0.0000 0.0000 0.0000 0.2000 0.4000 0.0000 0.0000 0.0000 0.5333 1.0000 0.0000 0.6000 1.0000 1.0000 0.0000 0.0000 0.0000 0.0000 0.3333 0.3333 0.0851 0.0851
0.0000 1.0000 0.9999 0.0000 0.0000 0.0000 1.0000 0.0000 0.0000 1.0000 0.0000 0.0000 0.0000 0.0000 0.0000 0.0000 0.0000 0.0000 0.0000 0.3000 0.4000 0.0000 0.0000 0.0000 0.2667 1.0000 0.0000 0.4000 0.3937 0.3937 0.0000 0.0000 0.0100 0.0000 0.0000 0.0000 0.1064 0.1064
0.0000 1.0000 0.9999 0.0000 0.0000 0.0000 1.0000 0.0000 0.0000 1.0000 0.0000 0.0000 0.0000 0.0000 0.0000 0.0000 0.0000 0.0000 0.0000 0.3000 0.3000 0.0000 0.0000 0.0000 0.0000 1.0000 0.0000 0.0000 0.6457 0.6457 0.0000 0.0000 0.0100 0.0000 0.0000 0.0000 0.1064 0.1064
0.0000 1.0000 0.9999 0.0000 0.0000 0.0000 1.0000 0.0000 0.0000 1.0000 0.0000 0.0000 0.0000 0.0000 0.0000 0.0000 0.0000 0.0000 0.0000 0.4000 0.4000 0.0000 0.0000 0.0000 0.0000 1.0000 0.0000 0.0000 0.9882 0.9882 0.0000 0.0000 0.0000 0.0000 0.0000 0.0000 0.1064 0.1064
0.0000 1.0000 0.9999 0.0000 0.0000 0.0000 1.0000 0.0000 0.0000 1.0000 0.0000 0.0000 0.0000 0.0000 0.0000 0.0000 0.0000 0.0000 0.0000 0.0000 0.0000 0.0000 0.0000 0.0000 0.0000 1.0000 0.0000 0.0000 0.7953 0.7953 0.0000 0.0000 0.0000 0.0000 0.0000 0.0000 0.0213 0.0213
0.0000 1.0000 0.9999 0.0000 0.0000 0.0000 1.0000 0.0000 0.0000 1.0000 0.0000 0.0000 0.0000 0.0000 0.0000 0.0000 0.0000 0.0000 0.0000 0.2000 0.2000 0.0000 0.0000 0.0000 0.0000 1.0000 0.0000 0.0000 0.4252 0.4252 0.0000 0.0000 0.0100 0.0000 0.0000 0.0000 0.0213 0.0213
0.0000 0.1632 0.3512 0.0000 0.0000 0.0000 0.5000 0.0000 0.0000 0.0000 0.0000 0.0000 0.0000 0.0000 0.0000 0.0000 0.0000 0.0000 0.0000 0.4000 0.4000 0.0000 0.0000 0.5333 0.5333 1.0000 0.0000 0.0000 1.0000 1.0000 0.0000 0.0000 0.0000 0.0000 0.0000 0.0000 0.1277 0.1277
0.0000 1.0000 0.9999 0.0000 0.0000 0.0000 1.0000 0.0000 0.0000 1.0000 0.0000 0.0000 0.0000 0.0000 0.0000 0.0000 0.0000 0.0000 0.0000 1.0000 1.0000 0.0000 0.0000 0.0000 0.0000 1.0000 0.0000 0.0000 1.0000 1.0000 0.0000 0.0000 0.0000 0.0000 0.0000 0.0000 0.0851 0.0851
0.0000 1.0000 0.9999 0.0000 0.0000 0.0000 1.0000 0.0000 0.0000 1.0000 0.0000 0.0000 0.0000 0.0000 0.0000 0.0000 0.0000 0.0000 0.0000 0.4000 0.3000 0.0000 0.0000 0.2667 0.3333 0.0000 1.0000 0.0000 0.2874 0.2874 0.0000 0.0000 0.0100 0.0000 0.0000 0.0000 0.0851 0.0851
0.0000 1.0000 0.9999 0.0000 0.0000 0.0000 1.0000 0.0000 0.0000 1.0000 0.0000 0.0000 0.0000 0.0000 0.0000 0.0000 0.0000 0.0000 0.0000 0.2000 0.2000 0.0000 0.0000 0.0000 0.0000 1.0000 0.0000 0.0000 0.9764 0.9764 0.0000 0.0000 0.0000 0.0000 0.0000 0.0000 0.0426 0.0426
0.0000 1.0000 0.9999 0.0000 0.0000 0.0000 1.0000 0.0000 0.0000 1.0000 0.0000 0.0000 0.0000 0.0000 0.0000 0.0000 0.0000 0.0000 0.0000 0.1000 0.1000 0.0000 0.0000 0.0000 0.0000 1.0000 0.0000 0.0000 1.0000 1.0000 0.0000 0.0000 0.0000 0.0000 0.3333 0.3333 0.1064 0.1064
0.0000 1.0000 0.9999 0.0000 0.0000 0.0000 1.0000 0.0000 0.0000 1.0000 0.0000 0.0000 0.0000 0.0000 0.0000 0.0000 0.0000 0.0000 0.0000 0.1000 0.1000 0.0000 0.0000 0.0000 0.0000 1.0000 0.0000 0.0000 0.9724 0.9724 0.0000 0.0000 0.0000 0.0000 0.0000 0.0000 0.0426 0.0426
0.0000 1.0000 0.9999 0.0000 0.0000 0.0000 1.0000 0.0000 0.0000 1.0000 0.0000 0.0000 0.0000 0.0000 0.0000 0.0000 0.0000 0.0000 0.0000 0.0000 0.1000 0.0000 0.0000 0.0000 0.6667 1.0000 0.0000 1.0000 1.0000 1.0000 0.0000 0.0000 0.0000 0.0000 0.3333 0.3333 0.0638 0.0638
0.0000 1.0000 0.9999 0.0000 0.0000 0.0000 1.0000 0.0000 0.0000 1.0000 0.0000 0.0000 0.0000 0.0000 0.0000 0.0000 0.0000 0.0000 0.0000 0.3000 0.4000 0.0000 0.0000 0.0000 0.2667 1.0000 0.0000 0.4000 1.0000 1.0000 0.0000 0.0000 0.0000 0.0000 0.3333 0.3333 0.0426 0.0426
0.0000 1.0000 0.9999 0.0000 0.0000 0.0000 1.0000 0.0000 0.0000 1.0000 0.0000 0.0000 0.0000 0.0000 0.0000 0.0000 0.0000 0.0000 0.0000 0.2000 0.2000 0.0000 0.0000 0.0000 0.0000 1.0000 0.0000 0.0000 0.1299 0.1299 0.0000 0.0000 0.0300 0.0000 0.0000 0.0000 0.1277 0.1277
0.0000 1.0000 0.9999 0.0000 0.0000 0.0000 1.0000 0.0000 0.0000 1.0000 0.0000 0.0000 0.0000 0.0000 0.0000 0.0000 0.0000 0.0000 0.0000 0.1000 0.1000 0.0000 0.0000 0.0000 0.0000 1.0000 0.0000 0.0000 0.3583 0.3583 0.0000 0.0000 0.0100 0.0000 0.0000 0.0000 0.0213 0.0213
0.0000 1.0000 0.9999 0.0000 0.0000 0.0000 1.0000 0.0000 0.0000 1.0000 0.0000 0.0000 0.0000 0.0000 0.0000 0.0000 0.0000 0.0000 0.0000 0.3000 0.3000 0.0000 0.0000 0.0000 0.0000 1.0000 0.0000 0.0000 1.0000 1.0000 0.0000 0.0000 0.0000 0.0000 0.3333 0.3333 0.0851 0.0851
0.0000 1.0000 0.9999 0.0000 0.0000 0.0000 1.0000 0.0000 0.0000 1.0000 0.0000 0.0000 0.0000 0.0000 0.0000 0.0000 0.0000 0.0000 0.0000 0.1000 0.1000 0.0000 0.0000 0.0000 0.0000 1.0000 0.0000 0.0000 0.3386 0.3386 0.0000 0.0000 0.0100 0.0000 0.0000 0.0000 0.0213 0.0213
0.0000 1.0000 0.9999 0.0000 0.0000 0.0000 1.0000 0.0000 0.0000 1.0000 0.0000 0.0000 0.0000 0.0000 0.0000 0.0000 0.0000 0.0000 0.0000 0.3000 0.3000 0.0000 0.0000 0.3333 0.3333 1.0000 0.0000 0.0000 0.5315 0.5315 0.0000 0.0000 0.0100 0.0000 0.0000 0.0000 0.1064 0.1064
0.0000 1.0000 0.9999 0.0000 0.0000 0.0000 1.0000 0.0000 0.0000 1.0000 0.0000 0.0000 0.0000 0.0000 0.0000 0.0000 0.0000 0.0000 0.0000 0.1000 0.1000 0.0000 0.0000 0.6667 0.6667 1.0000 0.0000 0.0000 0.1890 0.1890 0.0000 0.0000 0.0200 0.0000 0.0000 0.0000 0.0426 0.0426
0.0000 1.0000 0.9999 0.0000 0.0000 0.0000 1.0000 0.0000 0.0000 1.0000 0.0000 0.0000 0.0000 0.0000 0.0000 0.0000 0.0000 0.0000 0.0000 0.3000 0.3000 0.0000 0.0000 0.0000 0.0000 1.0000 0.0000 0.0000 0.1890 0.1890 0.0000 0.0000 0.0200 0.0000 0.0000 0.0000 0.5106 0.5106
0.0000 1.0000 0.9999 0.0000 0.0000 0.0000 1.0000 0.0000 0.0000 1.0000 0.0000 0.0000 0.0000 0.0000 0.0000 0.0000 0.0000 0.0000 0.0000 0.5000 0.6000 0.0000 0.0000 0.0000 0.1867 1.0000 0.0000 0.2900 1.0000 1.0000 0.0000 0.0000 0.0000 0.0000 0.0000 0.0000 0.1064 0.1064
0.0000 0.9811 0.3512 0.0000 0.0000 0.0000 0.5000 0.0000 0.0000 0.0000 0.0000 0.0000 0.0000 0.0000 0.0000 0.0000 0.0000 0.0000 0.0000 0.3000 0.3000 0.0000 0.0000 0.3333 0.3333 1.0000 0.0000 0.0000 1.0000 1.0000 0.0000 0.0000 0.0000 0.0000 0.0000 0.0000 0.1064 0.1064
0.0000 1.0000 0.5268 0.0000 0.0000 0.0000 0.5000 0.0000 0.0000 0.0000 0.0000 0.0000 0.0000 0.0000 0.0000 0.0000 0.0000 0.0000 0.0000 0.1000 0.1000 1.0000 1.0000 0.0000 0.0000 1.0000 0.0000 0.0000 1.0000 1.0000 0.0000 0.0000 0.0000 0.0000 0.0000 0.0000 0.0851 0.0851
0.0000 1.0000 0.9999 0.0000 0.0000 0.0000 1.0000 0.0000 0.0000 1.0000 0.0000 0.0000 0.0000 0.0000 0.0000 0.0000 0.0000 0.0000 0.0000 0.4000 0.4000 0.0000 0.0000 0.2667 0.2667 1.0000 0.0000 0.0000 0.5276 0.5276 0.0000 0.0000 0.0100 0.0000 0.0000 0.0000 0.1064 0.1064
0.0000 1.0000 0.9999 0.0000 0.0000 0.0000 1.0000 0.0000 0.0000 1.0000 0.0000 0.0000 0.0000 0.0000 0.0000 0.0000 0.0000 0.0000 0.0000 0.1000 0.1000 0.0000 0.0000 0.0000 0.0000 1.0000 0.0000 0.0000 0.1220 0.1220 0.0000 0.0000 0.0300 0.0000 1.0000 1.0000 0.0638 0.0638
0.0000 1.0000 0.9999 0.0000 0.0000 0.0000 1.0000 0.0000 0.0000 1.0000 0.0000 0.0000 0.0000 0.0000 0.0000 0.0000 0.0000 0.0000 0.0000 0.6000 0.7000 0.0000 0.0000 0.3867 0.5067 1.0000 0.0000 0.2500 1.0000 1.0000 0.0000 0.0000 0.0000 0.0000 0.0000 0.0000 0.1277 0.1277
0.0000 1.0000 0.9999 0.0000 0.0000 0.0000 1.0000 0.0000 0.0000 1.0000 0.0000 0.0000 0.0000 0.0000 0.0000 0.0000 0.0000 0.0000 0.0000 0.0000 0.0000 0.0000 0.0000 0.0000 0.0000 1.0000 0.0000 0.0000 0.5709 0.5709 0.0000 0.0000 0.0100 0.0000 0.0000 0.0000 0.0213 0.0213
0.0000 1.0000 0.9999 0.0000 0.0000 0.0000 1.0000 0.0000 0.0000 1.0000 0.0000 0.0000 0.0000 0.0000 0.0000 0.0000 0.0000 0.0000 0.0000 0.3000 0.3000 0.0000 0.0000 0.0000 0.0000 1.0000 0.0000 0.0000 0.0551 0.0551 0.0000 0.0000 0.0700 0.0000 0.0000 0.0000 0.1489 0.1489
0.0000 1.0000 0.9999 0.0000 0.0000 0.0000 1.0000 0.0000 0.0000 1.0000 0.0000 0.0000 0.0000 0.0000 0.0000 0.0000 0.0000 0.0000 0.0000 0.1000 0.3000 0.0000 0.0000 0.0000 0.0000 1.0000 0.0000 0.7500 0.0197 0.0197 0.0000 0.0000 0.1700 0.0000 0.0000 0.0000 0.3617 0.3617
0.0000 1.0000 0.9999 0.0000 0.0000 0.0000 1.0000 0.0000 0.0000 1.0000 0.0000 0.0000 0.0000 0.0000 0.0000 0.0000 0.0000 0.0000 0.0000 0.2000 0.2000 0.0000 0.0000 0.0000 0.0000 1.0000 0.0000 0.0000 0.3504 0.3504 0.0000 0.0000 0.0100 0.0000 0.0000 0.0000 0.0213 0.0213
0.5000 1.0000 0.9999 0.0000 0.0000 0.0000 1.0000 0.0000 0.0000 1.0000 0.0000 0.0000 0.0000 0.0000 0.0000 0.0000 0.0000 0.0000 0.0000 0.2000 0.2000 0.0000 0.0000 0.0000 0.0000 1.0000 0.0000 0.0000 0.1299 0.1299 0.0000 0.0000 0.0300 0.0000 0.0000 0.0000 0.6809 0.6809
0.0000 1.0000 0.9999 0.0000 0.0000 0.0000 1.0000 0.0000 0.0000 1.0000 0.0000 0.0000 0.0000 0.0000 0.0000 0.0000 0.0000 0.0000 0.0000 0.1000 0.1000 0.0000 0.0000 0.0000 0.0000 1.0000 0.0000 0.0000 0.1496 0.1496 0.0000 0.0000 0.0300 0.0000 0.0000 0.0000 0.0000 0.0000
0.0000 1.0000 0.9999 0.0000 0.0000 0.0000 1.0000 0.0000 0.0000 1.0000 0.0000 0.0000 0.0000 0.0000 0.0000 0.0000 0.0000 0.0000 0.0000 0.1000 0.1000 0.0000 0.0000 0.0000 0.0000 1.0000 0.0000 0.0000 0.2205 0.2205 0.0000 0.0000 0.0200 0.0000 0.0000 0.0000 0.0426 0.0426
0.0000 1.0000 1.0000 0.0000 0.0000 0.0000 0.5000 0.0000 0.0000 0.0000 0.0000 0.0000 0.0000 0.0000 0.0000 0.0000 0.0000 0.0000 0.0000 0.5000 0.5000 0.3400 0.3400 0.0000 0.0000 1.0000 0.0000 0.0000 1.0000 1.0000 0.0000 0.0000 0.0000 0.0000 0.3333 0.3333 0.0851 0.0851
0.0000 1.0000 0.8779 0.0000 0.0000 0.0000 0.5000 0.0000 0.0000 0.0000 0.0000 0.0000 0.0000 0.0000 0.0000 0.0000 0.0000 0.0000 0.0000 0.1000 0.1000 0.0000 0.0000 0.6667 0.6667 1.0000 0.0000 0.0000 1.0000 1.0000 0.0000 0.0000 0.0000 0.0000 0.0000 0.0000 0.1064 0.1064
0.0000 1.0000 0.9999 0.0000 0.0000 0.0000 1.0000 0.0000 0.0000 1.0000 0.0000 0.0000 0.0000 0.0000 0.0000 0.0000 0.0000 0.0000 0.0000 0.3000 0.4000 0.0000 0.0000 0.0000 0.0000 1.0000 0.0000 0.4000 0.2205 0.2205 0.0000 0.0000 0.0200 0.0000 0.6667 0.6667 0.0426 0.0426
1.0000 1.0000 0.9999 0.0000 0.0000 0.0000 1.0000 0.0000 0.0000 1.0000 0.0000 0.0000 0.0000 0.0000 0.0000 0.0000 0.0000 0.0000 0.0000 0.3000 0.3000 0.0000 0.0000 0.0000 0.0000 1.0000 0.0000 0.0000 0.1220 0.1220 0.0000 0.0000 0.0300 0.0000 0.0000 0.0000 0.7234 0.7234
0.0000 0.8066 0.0000 0.0000 0.0000 0.0000 0.0000 0.0000 0.0000 0.0000 0.0000 0.0000 0.0000 0.0000 0.0000 0.0000 0.0000 0.0000 0.0000 0.1000 0.1000 0.0000 0.0000 0.6667 0.6667 1.0000 0.0000 0.0000 1.0000 1.0000 0.0000 0.0000 0.0000 0.0000 0.3333 0.3333 0.1064 0.1064
0.0000 1.0000 0.9999 0.0000 0.0000 0.0000 1.0000 0.0000 0.0000 1.0000 0.0000 0.0000 0.0000 0.0000 0.0000 0.0000 0.0000 0.0000 0.0000 0.2000 0.2000 0.0000 0.0000 0.0000 0.0000 1.0000 0.0000 0.0000 0.3543 0.3543 0.0000 0.0000 0.0100 0.0000 0.3333 0.3333 0.0213 0.0213
0.0000 1.0000 0.9999 0.0000 0.0000 0.0000 1.0000 0.0000 0.0000 1.0000 0.0000 0.0000 0.0000 0.0000 0.0000 0.0000 0.0000 0.0000 0.0000 0.1000 0.1000 0.0000 0.0000 0.0000 0.0000 1.0000 0.0000 0.0000 0.4173 0.4173 0.0000 0.0000 0.0100 0.0000 0.0000 0.0000 0.0213 0.0213
0.0000 1.0000 0.9999 0.0000 0.0000 0.0000 1.0000 0.0000 0.0000 1.0000 0.0000 0.0000 0.0000 0.0000 0.0000 0.0000 0.0000 0.0000 0.0000 0.1000 0.3000 0.0000 0.0000 0.0000 0.6667 1.0000 0.0000 0.7500 1.0000 1.0000 0.0000 0.0000 0.0000 0.0000 0.0000 0.0000 0.0426 0.0426
0.0000 1.0000 0.9999 0.0000 0.0000 0.0000 1.0000 0.0000 0.0000 1.0000 0.0000 0.0000 0.0000 0.0000 0.0000 0.0000 0.0000 0.0000 0.0000 0.3000 0.3000 0.0000 0.0000 0.0000 0.0000 1.0000 0.0000 0.0000 0.2598 0.2598 0.0000 0.0000 0.0100 0.0000 0.0000 0.0000 0.3830 0.3830
0.0000 1.0000 0.9999 0.0000 0.0000 0.0000 1.0000 0.0000 0.0000 1.0000 0.0000 0.0000 0.0000 0.0000 0.0000 0.0000 0.0000 0.0000 0.0000 0.3000 0.3000 0.0000 0.0000 0.0000 0.0000 1.0000 0.0000 0.0000 0.2874 0.2874 0.0000 0.0000 0.0100 0.0000 0.0000 0.0000 0.4043 0.4043
0.0000 0.9811 0.8779 0.0000 0.0000 0.0000 0.5000 0.0000 0.0000 0.0000 0.0000 0.0000 0.0000 0.0000 0.0000 0.0000 0.0000 0.0000 0.0000 0.3000 0.3000 0.0000 0.0000 0.3333 0.3333 1.0000 0.0000 0.0000 0.0709 0.0709 0.0000 0.0000 0.0500 0.0000 0.0000 0.0000 0.2340 0.2340
0.0000 1.0000 0.9999 0.0000 0.0000 0.0000 1.0000 0.0000 0.0000 1.0000 0.0000 0.0000 0.0000 0.0000 0.0000 0.0000 0.0000 0.0000 0.0000 0.1000 0.2000 0.0000 0.0000 0.0000 0.4400 1.0000 0.0000 0.6700 0.4094 0.4094 0.0000 0.0000 0.0100 0.0000 0.0000 0.0000 0.0213 0.0213
0.0000 1.0000 0.9999 0.0000 0.0000 0.0000 1.0000 0.0000 0.0000 1.0000 0.0000 0.0000 0.0000 0.0000 0.0000 0.0000 0.0000 0.0000 0.0000 0.4000 0.4000 0.0000 0.0000 0.0000 0.0000 1.0000 0.0000 0.0000 0.0984 0.0984 0.0000 0.0000 0.0400 0.0000 0.0000 0.0000 0.1702 0.1702
0.0000 1.0000 0.9999 0.0000 0.0000 0.0000 1.0000 0.0000 0.0000 1.0000 0.0000 0.0000 0.0000 0.0000 0.0000 0.0000 0.0000 0.0000 0.0000 0.2000 0.2000 0.0000 0.0000 0.0000 0.0000 1.0000 0.0000 0.0000 0.2008 0.2008 0.0000 0.0000 0.0200 0.0000 0.6667 0.6667 0.0426 0.0426
0.0000 1.0000 0.9999 0.0000 0.0000 0.0000 1.0000 0.0000 0.0000 1.0000 0.0000 0.0000 0.0000 0.0000 0.0000 0.0000 0.0000 0.0000 0.0000 0.3000 0.3000 0.0000 0.0000 0.6667 0.6667 1.0000 0.0000 0.0000 1.0000 1.0000 0.0000 0.0000 0.0000 0.0000 0.0000 0.0000 0.0851 0.0851
0.0000 1.0000 0.9999 0.0000 0.0000 0.0000 1.0000 0.0000 0.0000 1.0000 0.0000 0.0000 0.0000 0.0000 0.0000 0.0000 0.0000 0.0000 0.0000 0.3000 0.3000 0.0000 0.0000 0.0000 0.0000 1.0000 0.0000 0.0000 0.9291 0.9291 0.0000 0.0000 0.0000 0.0000 0.0000 0.0000 0.1064 0.1064
0.0000 1.0000 0.9999 0.0000 0.0000 0.0000 1.0000 0.0000 0.0000 1.0000 0.0000 0.0000 0.0000 0.0000 0.0000 0.0000 0.0000 0.0000 0.0000 0.5000 0.7000 0.0000 0.0000 0.0000 0.3333 1.0000 0.0000 0.3800 1.0000 1.0000 0.0000 0.0000 0.0000 0.0000 0.0000 0.0000 0.0638 0.0638
0.0000 1.0000 0.9999 0.0000 0.0000 0.0000 1.0000 0.0000 0.0000 1.0000 0.0000 0.0000 0.0000 0.0000 0.0000 0.0000 0.0000 0.0000 0.0000 0.1000 0.1000 0.0000 0.0000 0.6667 0.6667 1.0000 0.0000 0.0000 0.1850 0.1850 0.0000 0.0000 0.0200 0.0000 0.0000 0.0000 0.0426 0.0426
0.0000 1.0000 0.9999 0.0000 0.0000 0.0000 1.0000 0.0000 0.0000 1.0000 0.0000 0.0000 0.0000 0.0000 0.0000 0.0000 0.0000 0.0000 0.0000 0.2000 0.2000 0.0000 0.0000 0.0000 0.0000 1.0000 0.0000 0.0000 0.2795 0.2795 0.0000 0.0000 0.0100 0.0000 0.3333 0.3333 0.0213 0.0213
0.2500 0.6338 0.5268 0.0000 0.0000 0.0000 0.5000 0.0000 0.0000 0.0000 0.0000 0.0000 0.0000 0.0000 0.0000 0.0000 0.0000 0.0000 0.0000 0.2000 0.2000 0.0000 0.0000 0.8933 0.8933 1.0000 0.0000 0.0000 0.0551 0.0551 0.0000 0.0000 0.0700 0.0000 0.0000 0.0000 1.0000 1.0000
0.0000 1.0000 0.9999 0.0000 0.0000 0.0000 1.0000 0.0000 0.0000 1.0000 0.0000 0.0000 0.0000 0.0000 0.0000 0.0000 0.0000 0.0000 0.0000 0.3000 0.3000 0.0000 0.0000 0.0000 0.0000 1.0000 0.0000 0.0000 0.0669 0.0669 0.0000 0.0000 0.0600 0.0000 0.0000 0.0000 0.1277 0.1277
0.0000 1.0000 0.9999 0.0000 0.0000 0.0000 1.0000 0.0000 0.0000 1.0000 0.0000 0.0000 0.0000 0.0000 0.0000 0.0000 0.0000 0.0000 0.0000 0.5000 0.5000 0.0000 0.0000 0.2267 0.2267 1.0000 0.0000 0.0000 0.0433 0.0433 0.0000 0.0000 0.0800 0.0000 0.0000 0.0000 0.1702 0.1702
0.0000 1.0000 0.9999 0.0000 0.0000 0.0000 1.0000 0.0000 0.0000 1.0000 0.0000 0.0000 0.0000 0.0000 0.0000 0.0000 0.0000 0.0000 0.0000 0.2000 0.2000 0.0000 0.0000 0.4400 0.4400 1.0000 0.0000 0.0000 0.3740 0.3740 0.0000 0.0000 0.0100 0.0000 0.0000 0.0000 0.3404 0.3404
0.0000 1.0000 0.9999 0.0000 0.0000 0.0000 1.0000 0.0000 0.0000 1.0000 0.0000 0.0000 0.0000 0.0000 0.0000 0.0000 0.0000 0.0000 0.0000 0.2000 0.2000 0.0000 0.0000 0.0000 0.0000 1.0000 0.0000 0.0000 0.3189 0.3189 0.0000 0.0000 0.0100 0.0000 0.0000 0.0000 0.3617 0.3617
0.0000 0.7266 0.3512 0.0000 0.0000 0.0000 0.5000 0.0000 0.0000 0.0000 0.0000 0.0000 0.0000 0.0000 0.0000 0.0000 0.0000 0.0000 0.0000 0.1000 0.2000 0.0000 0.0000 0.6667 0.8933 1.0000 0.0000 0.6700 1.0000 1.0000 0.0000 0.0000 0.0000 0.0000 0.0000 0.0000 0.0851 0.0851
0.0000 1.0000 0.9999 0.0000 0.0000 0.0000 1.0000 0.0000 0.0000 1.0000 0.0000 0.0000 0.0000 0.0000 0.0000 0.0000 0.0000 0.0000 0.0000 0.2000 0.2000 0.0000 0.0000 0.0000 0.0000 1.0000 0.0000 0.0000 0.3307 0.3307 0.0000 0.0000 0.0100 0.0000 0.0000 0.0000 0.0213 0.0213
0.0000 1.0000 0.9999 0.0000 0.0000 0.0000 1.0000 0.0000 0.0000 1.0000 0.0000 0.0000 0.0000 0.0000 0.0000 0.0000 0.0000 0.0000 0.0000 0.1000 0.1000 0.0000 0.0000 0.0000 0.0000 1.0000 0.0000 0.0000 0.6181 0.6181 0.0000 0.0000 0.0100 0.0000 0.0000 0.0000 0.0213 0.0213
0.0000 1.0000 0.9999 0.0000 0.0000 0.0000 1.0000 0.0000 0.0000 1.0000 0.0000 0.0000 0.0000 0.0000 0.0000 0.0000 0.0000 0.0000 0.0000 0.2000 0.2000 0.0000 0.0000 0.0000 0.0000 1.0000 0.0000 0.0000 0.1575 0.1575 0.0000 0.0000 0.0200 0.0000 0.6667 0.6667 0.0426 0.0426
