0.6140 0.0000 0.0000 0.0000 0.0000 0.0000 0.0000 0.0000 0.0000 0.0000 0.0000 0.0000 0.0000 0.0000 0.0000 0.0000 0.0000 0.0000 0.0000 0.0132 1.0000 0.0000 0.0000 1.0000 0.0000 1.0000 0.0000 0.0000 1.0000 1.0000 0.3333 0.8143 1.0000 0.0000 0.0000 0.0000 1.0000 1.0000
0.2132 0.0000 0.0000 0.0000 0.0000 0.0000 0.0000 0.0000 0.0000 0.0000 0.0000 0.0000 0.0000 0.0000 0.0000 0.0000 0.0000 0.0000 0.0000 0.0132 1.0000 0.0000 0.0000 1.0000 0.0000 1.0000 0.0000 0.0000 1.0000 1.0000 0.3333 0.8857 1.0000 0.0000 0.0000 0.0000 1.0000 1.0000
0.2185 0.0000 0.0000 0.0000 0.0000 0.0000 0.0000 0.0000 0.0000 0.0000 0.0000 0.0000 0.0000 0.0000 0.0000 0.0000 0.0000 0.0000 0.0000 0.0132 1.0000 0.0000 0.0000 1.0000 0.0000 1.0000 0.0000 0.0000 1.0000 1.0000 0.3333 0.8857 1.0000 0.0000 0.0000 0.0000 1.0000 1.0000
0.8664 0.0000 0.0000 0.0000 0.0000 0.0000 0.0000 0.0000 0.0000 0.0000 0.0000 0.0000 0.0000 0.0000 0.0000 0.0000 0.0000 0.0000 0.0000 0.0132 1.0000 0.0000 0.0000 1.0000 0.0000 1.0000 0.0000 0.0000 1.0000 1.0000 0.3333 0.5429 1.0000 0.0000 0.0000 0.0000 1.0000 1.0000
0.7430 0.0000 0.0000 0.0000 0.0000 0.0000 0.0000 0.0000 0.0000 0.0000 0.0000 0.0000 0.0000 0.0000 0.0000 0.0000 0.0000 0.0000 0.0000 0.0132 1.0000 0.0000 0.0000 1.0000 0.0000 1.0000 0.0000 0.0000 1.0000 1.0000 0.3333 1.0000 1.0000 0.0000 0.0000 0.0000 1.0000 1.0000
0.9769 0.0000 0.0000 0.0000 0.0000 0.0000 0.0000 0.0000 0.0000 0.0000 0.0000 0.0000 0.0000 0.0000 0.0000 0.0000 0.0000 0.0000 0.0000 0.0132 1.0000 0.0000 0.0000 1.0000 0.0000 1.0000 0.0000 0.0000 1.0000 1.0000 0.3333 0.2286 0.5600 0.0000 0.0000 0.0000 0.5217 1.0000
0.3191 0.0000 0.0000 0.0000 0.0000 0.0000 0.0000 0.0000 0.0000 0.0000 0.0000 0.0000 0.0000 0.0000 0.0000 0.0000 0.0000 0.0000 0.0000 0.0132 1.0000 0.0000 0.0000 1.0000 0.0000 1.0000 0.0000 0.0000 1.0000 1.0000 0.3333 0.8000 1.0000 0.0000 0.0000 0.0000 1.0000 1.0000
0.4117 0.0000 0.0000 0.0000 0.0000 0.0000 0.0000 0.0000 0.0000 0.0000 0.0000 0.0000 0.0000 0.0000 0.0000 0.0000 0.0000 0.0000 0.0000 0.0132 1.0000 0.0000 0.0000 1.0000 0.0000 1.0000 0.0000 0.0000 1.0000 1.0000 0.3333 0.8714 1.0000 0.0000 0.0000 0.0000 1.0000 1.0000
0.5031 0.0000 0.0000 0.0000 0.0000 0.0000 0.0000 0.0000 0.0000 0.0000 0.0000 0.0000 0.0000 0.0000 0.0000 0.0000 0.0000 0.0000 0.0000 0.0132 1.0000 0.0000 0.0000 1.0000 0.0000 1.0000 0.0000 0.0000 1.0000 1.0000 0.3333 0.7714 1.0000 0.0000 0.0000 0.0000 1.0000 1.0000
0.8443 1.0000 0.0000 0.0000 0.0000 0.0000 0.0000 0.0000 0.0000 0.0000 0.0000 0.0000 0.0000 0.0000 0.0000 0.0000 0.0000 0.0000 0.0000 0.0000 0.0000 0.0000 0.0000 1.0000 0.0000 1.0000 0.0000 0.0000 0.0000 1.0000 1.0000 0.0000 0.0800 0.0000 0.0000 0.0000 0.0000 0.0000
0.8948 0.0000 0.0000 0.0000 0.0000 0.0000 0.0000 0.0000 0.0000 0.0000 0.0000 0.0000 0.0000 0.0000 0.0000 0.0000 0.0000 0.0000 0.0000 0.0132 1.0000 0.0000 0.0000 1.0000 0.0000 1.0000 0.0000 0.0000 1.0000 1.0000 0.3333 0.5429 1.0000 0.0000 0.0000 0.0000 1.0000 1.0000
0.9892 0.0000 0.0000 0.0000 0.0000 0.0000 0.0000 0.0000 0.0000 0.0000 0.0000 0.0000 0.0000 0.0000 0.0000 0.0000 0.0000 0.0000 0.0000 0.0132 1.0000 0.0000 0.0000 1.0000 0.0000 1.0000 0.0000 0.0000 0.7797 1.0000 0.3333 0.1571 0.4400 0.0000 0.0000 0.0000 0.3913 1.0000
0.9632 0.0000 0.0000 0.0000 0.0000 0.0000 0.0000 0.0000 0.0000 0.0000 0.0000 0.0000 0.0000 0.0000 0.0000 0.0000 0.0000 0.0000 0.0000 0.0132 1.0000 0.0000 0.0000 1.0000 0.0000 1.0000 0.0000 0.0000 1.0000 1.0000 0.3333 0.3571 0.7300 0.0000 0.0000 0.0000 0.7065 1.0000
0.8962 0.0000 0.0000 0.0000 0.0000 0.0000 0.0000 0.0000 0.0000 0.0000 0.0000 0.0000 0.0000 0.0000 0.0000 0.0000 0.0000 0.0000 0.0000 0.0132 1.0000 0.0000 0.0000 1.0000 0.0000 1.0000 0.0000 0.0000 1.0000 1.0000 0.3333 0.5429 1.0000 0.0000 0.0000 0.0000 1.0000 1.0000
0.9728 0.0000 0.0000 0.0000 0.0000 0.0000 0.0000 0.0000 0.0000 0.0000 0.0000 0.0000 0.0000 0.0000 0.0000 0.0000 0.0000 0.0000 0.0000 0.0132 1.0000 0.0000 0.0000 1.0000 0.0000 1.0000 0.0000 0.0000 1.0000 1.0000 0.3333 0.2714 0.6100 0.0000 0.0000 0.0000 0.5761 1.0000
0.8932 0.0000 0.0000 0.0000 0.0000 0.0000 0.0000 0.0000 0.0000 0.0000 0.0000 0.0000 0.0000 0.0000 0.0000 0.0000 0.0000 0.0000 0.0000 0.0132 1.0000 0.0000 0.0000 1.0000 0.0000 1.0000 0.0000 0.0000 1.0000 1.0000 0.3333 0.5429 1.0000 0.0000 0.0000 0.0000 1.0000 1.0000
0.0000 0.0000 1.0000 0.0000 0.0000 0.0000 0.0000 0.0000 1.0000 0.0000 0.0000 0.0000 0.0000 0.0000 0.0000 0.0000 0.0000 0.0000 0.0000 1.0000 0.0000 0.0000 0.0000 0.0000 0.0000 0.0000 1.0000 0.0000 0.7006 0.0000 0.0000 0.4571 0.0000 0.0000 0.0000 0.0000 0.3152 1.0000
0.9386 0.0000 0.0000 0.0000 0.0000 0.0000 0.0000 0.0000 0.0000 0.0000 0.0000 0.0000 0.0000 0.0000 0.0000 0.0000 0.0000 0.0000 0.0000 0.0132 1.0000 0.0000 0.0000 1.0000 0.0000 1.0000 0.0000 0.0000 1.0000 1.0000 0.3333 0.5429 1.0000 0.0000 0.0000 0.0000 1.0000 1.0000
0.6067 0.0000 0.0000 0.0000 0.0000 0.0000 0.0000 0.0000 0.0000 0.0000 0.0000 0.0000 0.0000 0.0000 0.0000 0.0000 0.0000 0.0000 0.0000 0.0132 1.0000 0.0000 0.0000 1.0000 0.0000 1.0000 0.0000 0.0000 1.0000 1.0000 0.3333 0.7429 1.0000 0.0000 0.0000 0.0000 1.0000 1.0000
0.9176 0.0000 0.0000 0.0000 0.0000 0.0000 0.0000 0.0000 0.0000 0.0000 0.0000 0.0000 0.0000 0.0000 0.0000 0.0000 0.0000 0.0000 0.0000 0.0132 1.0000 0.0000 0.0000 1.0000 0.0000 1.0000 0.0000 0.0000 1.0000 1.0000 0.3333 0.5571 1.0000 0.0000 0.0000 0.0000 1.0000 1.0000
0.8918 0.0000 0.0000 0.0000 0.0000 0.0000 0.0000 0.0000 0.0000 0.0000 0.0000 0.0000 0.0000 0.0000 0.0000 0.0000 0.0000 0.0000 0.0000 0.0132 1.0000 0.0000 0.0000 1.0000 0.0000 1.0000 0.0000 0.0000 1.0000 1.0000 0.3333 0.5429 1.0000 0.0000 0.0000 0.0000 1.0000 1.0000
0.1953 0.0000 0.0000 0.0000 0.0000 0.0000 0.0000 0.0000 0.0000 0.0000 0.0000 0.0000 0.0000 0.0000 0.0000 0.0000 0.0000 0.0000 0.0000 0.0132 1.0000 0.0000 0.0000 1.0000 0.0000 1.0000 0.0000 0.0000 1.0000 1.0000 0.3333 0.7571 1.0000 0.0000 0.0000 0.0000 1.0000 1.0000
0.5409 0.0000 0.0000 0.0000 0.0000 0.0000 0.0000 0.0000 0.0000 0.0000 0.0000 0.0000 0.0000 0.0000 0.0000 0.0000 0.0000 0.0000 0.0000 0.0132 1.0000 0.0000 0.0000 1.0000 0.0000 1.0000 0.0000 0.0000 1.0000 1.0000 0.3333 0.8714 1.0000 0.0000 0.0000 0.0000 1.0000 1.0000
0.6393 0.0000 0.0000 0.0000 0.0000 0.0000 0.0000 0.0000 0.0000 0.0000 0.0000 0.0000 0.0000 0.0000 0.0000 0.0000 0.0000 0.0000 0.0000 0.0132 1.0000 0.0000 0.0000 1.0000 0.0000 1.0000 0.0000 0.0000 1.0000 1.0000 0.3333 0.8857 1.0000 0.0000 0.0000 0.0000 1.0000 1.0000
0.7444 0.0000 0.0000 0.0000 0.0000 0.0000 0.0000 0.0000 0.0000 0.0000 0.0000 0.0000 0.0000 0.0000 0.0000 0.0000 0.0000 0.0000 0.0000 0.0132 1.0000 0.0000 0.0000 1.0000 0.0000 1.0000 0.0000 0.0000 1.0000 1.0000 0.3333 1.0000 1.0000 0.0000 0.0000 0.0000 1.0000 1.0000
0.4998 0.0000 0.0000 0.0000 0.0000 0.0000 0.0000 0.0000 0.0000 0.0000 0.0000 0.0000 0.0000 0.0000 0.0000 0.0000 0.0000 0.0000 0.0000 0.0132 1.0000 0.0000 0.0000 1.0000 0.0000 1.0000 0.0000 0.0000 1.0000 1.0000 0.3333 0.7429 1.0000 0.0000 0.0000 0.0000 1.0000 1.0000
0.8971 0.0000 0.0000 0.0000 0.0000 0.0000 0.0000 0.0000 0.0000 0.0000 0.0000 0.0000 0.0000 0.0000 0.0000 0.0000 0.0000 0.0000 0.0000 0.0132 1.0000 0.0000 0.0000 1.0000 0.0000 1.0000 0.0000 0.0000 1.0000 1.0000 0.3333 0.5429 1.0000 0.0000 0.0000 0.0000 1.0000 1.0000
0.3236 0.0000 0.0000 0.0000 0.0000 0.0000 0.0000 0.0000 0.0000 0.0000 0.0000 0.0000 0.0000 0.0000 0.0000 0.0000 0.0000 0.0000 0.0000 0.0132 1.0000 0.0000 0.0000 1.0000 0.0000 1.0000 0.0000 0.0000 1.0000 1.0000 0.3333 0.8000 1.0000 0.0000 0.0000 0.0000 1.0000 1.0000
0.4362 0.0000 0.0000 0.0000 0.0000 0.0000 0.0000 0.0000 0.0000 0.0000 0.0000 0.0000 0.0000 0.0000 0.0000 0.0000 0.0000 0.0000 0.0000 0.0132 1.0000 0.0000 0.0000 1.0000 0.0000 1.0000 0.0000 0.0000 1.0000 1.0000 0.3333 0.8714 1.0000 0.0000 0.0000 0.0000 1.0000 1.0000
0.2218 0.0000 0.0000 0.0000 0.0000 0.0000 0.0000 0.0000 0.0000 0.0000 0.0000 0.0000 0.0000 0.0000 0.0000 0.0000 0.0000 0.0000 0.0000 0.0132 1.0000 0.0000 0.0000 1.0000 0.0000 1.0000 0.0000 0.0000 1.0000 1.0000 0.3333 0.8857 1.0000 0.0000 0.0000 0.0000 1.0000 1.0000
0.3269 0.0000 0.0000 0.0000 0.0000 0.0000 0.0000 0.0000 0.0000 0.0000 0.0000 0.0000 0.0000 0.0000 0.0000 0.0000 0.0000 0.0000 0.0000 0.0132 1.0000 0.0000 0.0000 1.0000 0.0000 1.0000 0.0000 0.0000 1.0000 1.0000 0.3333 0.8000 1.0000 0.0000 0.0000 0.0000 1.0000 1.0000
0.8550 0.0000 0.0000 0.0000 0.0000 0.0000 0.0000 0.0000 0.0000 0.0000 0.0000 0.0000 0.0000 0.0000 0.0000 0.0000 0.0000 0.0000 0.0000 0.0132 1.0000 0.0000 0.0000 1.0000 0.0000 1.0000 0.0000 0.0000 1.0000 1.0000 0.3333 0.5429 1.0000 0.0000 0.0000 0.0000 1.0000 1.0000
0.5188 0.0000 0.0000 0.0000 0.0000 0.0000 0.0000 0.0000 0.0000 0.0000 0.0000 0.0000 0.0000 0.0000 0.0000 0.0000 0.0000 0.0000 0.0000 0.0132 1.0000 0.0000 0.0000 1.0000 0.0000 1.0000 0.0000 0.0000 1.0000 1.0000 0.3333 0.8714 1.0000 0.0000 0.0000 0.0000 1.0000 1.0000
0.1251 0.0000 0.0000 0.0000 0.0000 0.0000 0.0000 0.0000 0.0000 0.0000 0.0000 0.0000 0.0000 0.0000 0.0000 0.0000 0.0000 0.0000 0.0000 0.0132 1.0000 0.0000 0.0000 1.0000 0.0000 1.0000 0.0000 0.0000 1.0000 1.0000 0.3333 0.8857 1.0000 0.0000 0.0000 0.0000 1.0000 1.0000
0.3402 0.0000 0.0000 0.0000 0.0000 0.0000 0.0000 0.0000 0.0000 0.0000 0.0000 0.0000 0.0000 0.0000 0.0000 0.0000 0.0000 0.0000 0.0000 0.0132 1.0000 0.0000 0.0000 1.0000 0.0000 1.0000 0.0000 0.0000 1.0000 1.0000 0.3333 0.8000 1.0000 0.0000 0.0000 0.0000 1.0000 1.0000
0.9478 0.0000 0.0000 0.0000 0.0000 0.0000 0.0000 0.0000 0.0000 0.0000 0.0000 0.0000 0.0000 0.0000 0.0000 0.0000 0.0000 0.0000 0.0000 0.0132 1.0000 0.0000 0.0000 1.0000 0.0000 1.0000 0.0000 0.0000 1.0000 1.0000 0.3333 0.5143 0.9600 0.0000 0.0000 0.0000 0.9565 1.0000
0.1348 0.0000 0.0000 0.0000 0.0000 0.0000 0.0000 0.0000 0.0000 0.0000 0.0000 0.0000 0.0000 0.0000 0.0000 0.0000 0.0000 0.0000 0.0000 0.0132 1.0000 0.0000 0.0000 1.0000 0.0000 1.0000 0.0000 0.0000 1.0000 1.0000 0.3333 0.8714 1.0000 0.0000 0.0000 0.0000 1.0000 1.0000
0.8585 0.0000 0.0000 0.0000 0.0000 0.0000 0.0000 0.0000 0.0000 0.0000 0.0000 0.0000 0.0000 0.0000 0.0000 0.0000 0.0000 0.0000 0.0000 0.0132 1.0000 0.0000 0.0000 1.0000 0.0000 1.0000 0.0000 0.0000 1.0000 1.0000 0.3333 0.5429 1.0000 0.0000 0.0000 0.0000 1.0000 1.0000
0.9762 0.0000 0.0000 0.0000 0.0000 0.0000 0.0000 0.0000 0.0000 0.0000 0.0000 0.0000 0.0000 0.0000 0.0000 0.0000 0.0000 0.0000 0.0000 0.0132 1.0000 0.0000 0.0000 1.0000 0.0000 1.0000 0.0000 0.0000 1.0000 1.0000 0.3333 0.2429 0.5600 0.0000 0.0000 0.0000 0.5217 1.0000
0.3177 0.0000 0.0000 0.0000 0.0000 0.0000 0.0000 0.0000 0.0000 0.0000 0.0000 0.0000 0.0000 0.0000 0.0000 0.0000 0.0000 0.0000 0.0000 0.0132 1.0000 0.0000 0.0000 1.0000 0.0000 1.0000 0.0000 0.0000 1.0000 1.0000 0.3333 0.8000 1.0000 0.0000 0.0000 0.0000 1.0000 1.0000
0.7202 0.0000 0.0000 0.0000 0.0000 0.0000 0.0000 0.0000 0.0000 0.0000 0.0000 0.0000 0.0000 0.0000 0.0000 0.0000 0.0000 0.0000 0.0000 0.0132 1.0000 0.0000 0.0000 1.0000 0.0000 1.0000 0.0000 0.0000 1.0000 1.0000 0.3333 0.8000 1.0000 0.0000 0.0000 0.0000 1.0000 1.0000
0.5135 0.0000 0.0000 0.0000 0.0000 0.0000 0.0000 0.0000 0.0000 0.0000 0.0000 0.0000 0.0000 0.0000 0.0000 0.0000 0.0000 0.0000 0.0000 0.0132 1.0000 0.0000 0.0000 1.0000 0.0000 1.0000 0.0000 0.0000 1.0000 1.0000 0.3333 0.8714 1.0000 0.0000 0.0000 0.0000 1.0000 1.0000
0.8554 0.0000 0.0000 0.0000 0.0000 0.0000 0.0000 0.0000 0.0000 0.0000 0.0000 0.0000 0.0000 0.0000 0.0000 0.0000 0.0000 0.0000 0.0000 0.0132 1.0000 0.0000 0.0000 1.0000 0.0000 1.0000 0.0000 0.0000 1.0000 1.0000 0.3333 0.5429 1.0000 0.0000 0.0000 0.0000 1.0000 1.0000
0.8772 0.0000 0.0000 0.0000 0.0000 0.0000 0.0000 0.0000 0.0000 0.0000 0.0000 0.0000 0.0000 0.0000 0.0000 0.0000 0.0000 0.0000 0.0000 0.0132 1.0000 0.0000 0.0000 1.0000 0.0000 1.0000 0.0000 0.0000 1.0000 1.0000 0.3333 0.5429 1.0000 0.0000 0.0000 0.0000 1.0000 1.0000
0.9377 0.0000 0.0000 0.0000 0.0000 0.0000 0.0000 0.0000 0.0000 0.0000 0.0000 0.0000 0.0000 0.0000 0.0000 0.0000 0.0000 0.0000 0.0000 0.0132 1.0000 0.0000 0.0000 1.0000 0.0000 1.0000 0.0000 0.0000 1.0000 1.0000 0.3333 0.5429 1.0000 0.0000 0.0000 0.0000 1.0000 1.0000
0.9371 0.0000 0.0000 0.0000 0.0000 0.0000 0.0000 0.0000 0.0000 0.0000 0.0000 0.0000 0.0000 0.0000 0.0000 0.0000 0.0000 0.0000 0.0000 0.0132 1.0000 0.0000 0.0000 1.0000 0.0000 1.0000 0.0000 0.0000 1.0000 1.0000 0.3333 0.5429 1.0000 0.0000 0.0000 0.0000 1.0000 1.0000
0.9323 0.0000 0.0000 0.0000 0.0000 0.0000 0.0000 0.0000 0.0000 0.0000 0.0000 0.0000 0.0000 0.0000 0.0000 0.0000 0.0000 0.0000 0.0000 0.0132 1.0000 0.0000 0.0000 1.0000 0.0000 1.0000 0.0000 0.0000 1.0000 1.0000 0.3333 0.5429 1.0000 0.0000 0.0000 0.0000 1.0000 1.0000
0.3995 0.0000 0.0000 0.0000 0.0000 0.0000 0.0000 0.0000 0.0000 0.0000 0.0000 0.0000 0.0000 0.0000 0.0000 0.0000 0.0000 0.0000 0.0000 0.0132 1.0000 0.0000 0.0000 1.0000 0.0000 1.0000 0.0000 0.0000 1.0000 1.0000 0.3333 0.8000 1.0000 0.0000 0.0000 0.0000 1.0000 1.0000
0.1000 0.0000 0.0000 0.0000 0.0000 0.0000 0.0000 0.0000 0.0000 0.0000 0.0000 0.0000 0.0000 0.0000 0.0000 0.0000 0.0000 0.0000 0.0000 0.0132 1.0000 0.0000 0.0000 1.0000 0.0000 1.0000 0.0000 0.0000 1.0000 1.0000 0.3333 0.8714 1.0000 0.0000 0.0000 0.0000 1.0000 1.0000
0.3017 0.0000 0.0000 0.0000 0.0000 0.0000 0.0000 0.0000 0.0000 0.0000 0.0000 0.0000 0.0000 0.0000 0.0000 0.0000 0.0000 0.0000 0.0000 0.0132 1.0000 0.0000 0.0000 1.0000 0.0000 1.0000 0.0000 0.0000 1.0000 1.0000 0.3333 0.7571 1.0000 0.0000 0.0000 0.0000 1.0000 1.0000
0.8843 0.0000 0.0000 0.0000 0.0000 0.0000 0.0000 0.0000 0.0000 0.0000 0.0000 0.0000 0.0000 0.0000 0.0000 0.0000 0.0000 0.0000 0.0000 0.0132 1.0000 0.0000 0.0000 1.0000 0.0000 1.0000 0.0000 0.0000 1.0000 1.0000 0.3333 0.5429 1.0000 0.0000 0.0000 0.0000 1.0000 1.0000
0.9223 0.0000 0.0000 0.0000 0.0000 0.0000 0.0000 0.0000 0.0000 0.0000 0.0000 0.0000 0.0000 0.0000 0.0000 0.0000 0.0000 0.0000 0.0000 0.0132 1.0000 0.0000 0.0000 1.0000 0.0000 1.0000 0.0000 0.0000 1.0000 1.0000 0.3333 0.5571 1.0000 0.0000 0.0000 0.0000 1.0000 1.0000
0.3907 0.0000 0.0000 0.0000 0.0000 0.0000 0.0000 0.0000 0.0000 0.0000 0.0000 0.0000 0.0000 0.0000 0.0000 0.0000 0.0000 0.0000 0.0000 0.0132 1.0000 0.0000 0.0000 1.0000 0.0000 1.0000 0.0000 0.0000 1.0000 1.0000 0.3333 0.7143 1.0000 0.0000 0.0000 0.0000 1.0000 1.0000
0.5169 0.0000 0.0000 0.0000 0.0000 0.0000 0.0000 0.0000 0.0000 0.0000 0.0000 0.0000 0.0000 0.0000 0.0000 0.0000 0.0000 0.0000 0.0000 0.0132 1.0000 0.0000 0.0000 1.0000 0.0000 1.0000 0.0000 0.0000 1.0000 1.0000 0.3333 0.8714 1.0000 0.0000 0.0000 0.0000 1.0000 1.0000
0.8927 0.0000 0.0000 0.0000 0.0000 0.0000 0.0000 0.0000 0.0000 0.0000 0.0000 0.0000 0.0000 0.0000 0.0000 0.0000 0.0000 0.0000 0.0000 0.0132 1.0000 0.0000 0.0000 1.0000 0.0000 1.0000 0.0000 0.0000 1.0000 1.0000 0.3333 0.5429 1.0000 0.0000 0.0000 0.0000 1.0000 1.0000
0.4250 0.0000 0.0000 0.0000 0.0000 0.0000 0.0000 0.0000 0.0000 0.0000 0.0000 0.0000 0.0000 0.0000 0.0000 0.0000 0.0000 0.0000 0.0000 0.0132 1.0000 0.0000 0.0000 1.0000 0.0000 1.0000 0.0000 0.0000 1.0000 1.0000 0.3333 0.8714 1.0000 0.0000 0.0000 0.0000 1.0000 1.0000
0.8684 0.0000 0.0000 0.0000 0.0000 0.0000 0.0000 0.0000 0.0000 0.0000 0.0000 0.0000 0.0000 0.0000 0.0000 0.0000 0.0000 0.0000 0.0000 0.0132 1.0000 0.0000 0.0000 1.0000 0.0000 1.0000 0.0000 0.0000 1.0000 1.0000 0.3333 0.5429 1.0000 0.0000 0.0000 0.0000 1.0000 1.0000
0.1986 0.0000 0.0000 0.0000 0.0000 0.0000 0.0000 0.0000 0.0000 0.0000 0.0000 0.0000 0.0000 0.0000 0.0000 0.0000 0.0000 0.0000 0.0000 0.0132 1.0000 0.0000 0.0000 1.0000 0.0000 1.0000 0.0000 0.0000 1.0000 1.0000 0.3333 0.8000 1.0000 0.0000 0.0000 0.0000 1.0000 1.0000
0.3302 0.0000 0.0000 0.0000 0.0000 0.0000 0.0000 0.0000 0.0000 0.0000 0.0000 0.0000 0.0000 0.0000 0.0000 0.0000 0.0000 0.0000 0.0000 0.0132 1.0000 0.0000 0.0000 1.0000 0.0000 1.0000 0.0000 0.0000 1.0000 1.0000 0.3333 0.8000 1.0000 0.0000 0.0000 0.0000 1.0000 1.0000
0.9332 0.0000 0.0000 0.0000 0.0000 0.0000 0.0000 0.0000 0.0000 0.0000 0.0000 0.0000 0.0000 0.0000 0.0000 0.0000 0.0000 0.0000 0.0000 0.0132 1.0000 0.0000 0.0000 1.0000 0.0000 1.0000 0.0000 0.0000 1.0000 1.0000 0.3333 0.5429 1.0000 0.0000 0.0000 0.0000 1.0000 1.0000
0.3163 0.0000 0.0000 0.0000 0.0000 0.0000 0.0000 0.0000 0.0000 0.0000 0.0000 0.0000 0.0000 0.0000 0.0000 0.0000 0.0000 0.0000 0.0000 0.0132 1.0000 0.0000 0.0000 1.0000 0.0000 1.0000 0.0000 0.0000 1.0000 1.0000 0.3333 0.8000 1.0000 0.0000 0.0000 0.0000 1.0000 1.0000
0.0872 0.0000 0.0000 0.0000 0.0000 0.0000 0.0000 0.0000 0.0000 0.0000 0.0000 0.0000 0.0000 0.0000 0.0000 0.0000 0.0000 0.0000 0.0000 0.0132 1.0000 0.0000 0.0000 1.0000 0.0000 1.0000 0.0000 0.0000 1.0000 1.0000 0.3333 0.7429 1.0000 0.0000 0.0000 0.0000 1.0000 1.0000
0.3036 0.0000 0.0000 0.0000 0.0000 0.0000 0.0000 0.0000 0.0000 0.0000 0.0000 0.0000 0.0000 0.0000 0.0000 0.0000 0.0000 0.0000 0.0000 0.0132 1.0000 0.0000 0.0000 1.0000 0.0000 1.0000 0.0000 0.0000 1.0000 1.0000 0.3333 0.7857 1.0000 0.0000 0.0000 0.0000 1.0000 1.0000
0.9506 0.0000 0.0000 0.0000 0.0000 0.0000 0.0000 0.0000 0.0000 0.0000 0.0000 0.0000 0.0000 0.0000 0.0000 0.0000 0.0000 0.0000 0.0000 0.0132 1.0000 0.0000 0.0000 1.0000 0.0000 1.0000 0.0000 0.0000 1.0000 1.0000 0.3333 0.5000 0.9200 0.0000 0.0000 0.0000 0.9130 1.0000
0.4028 0.0000 0.0000 0.0000 0.0000 0.0000 0.0000 0.0000 0.0000 0.0000 0.0000 0.0000 0.0000 0.0000 0.0000 0.0000 0.0000 0.0000 0.0000 0.0132 1.0000 0.0000 0.0000 1.0000 0.0000 1.0000 0.0000 0.0000 1.0000 1.0000 0.3333 0.8429 1.0000 0.0000 0.0000 0.0000 1.0000 1.0000
0.0951 0.0000 0.0000 0.0000 0.0000 0.0000 0.0000 0.0000 0.0000 0.0000 0.0000 0.0000 0.0000 0.0000 0.0000 0.0000 0.0000 0.0000 0.0000 0.0132 1.0000 0.0000 0.0000 1.0000 0.0000 1.0000 0.0000 0.0000 1.0000 1.0000 0.3333 0.8286 1.0000 0.0000 0.0000 0.0000 1.0000 1.0000
0.1019 0.0000 0.0000 0.0000 0.0000 0.0000 0.0000 0.0000 0.0000 0.0000 0.0000 0.0000 0.0000 0.0000 0.0000 0.0000 0.0000 0.0000 0.0000 0.0132 1.0000 0.0000 0.0000 1.0000 0.0000 1.0000 0.0000 0.0000 1.0000 1.0000 0.3333 0.8857 1.0000 0.0000 0.0000 0.0000 1.0000 1.0000
0.1097 0.0000 0.0000 0.0000 0.0000 0.0000 0.0000 0.0000 0.0000 0.0000 0.0000 0.0000 0.0000 0.0000 0.0000 0.0000 0.0000 0.0000 0.0000 0.0132 1.0000 0.0000 0.0000 1.0000 0.0000 1.0000 0.0000 0.0000 1.0000 1.0000 0.3333 0.8857 1.0000 0.0000 0.0000 0.0000 1.0000 1.0000
0.6150 0.0000 0.0000 0.0000 0.0000 0.0000 0.0000 0.0000 0.0000 0.0000 0.0000 0.0000 0.0000 0.0000 0.0000 0.0000 0.0000 0.0000 0.0000 0.0132 1.0000 0.0000 0.0000 1.0000 0.0000 1.0000 0.0000 0.0000 1.0000 1.0000 0.3333 0.8286 1.0000 0.0000 0.0000 0.0000 1.0000 1.0000
0.1996 0.0000 0.0000 0.0000 0.0000 0.0000 0.0000 0.0000 0.0000 0.0000 0.0000 0.0000 0.0000 0.0000 0.0000 0.0000 0.0000 0.0000 0.0000 0.0132 1.0000 0.0000 0.0000 1.0000 0.0000 1.0000 0.0000 0.0000 1.0000 1.0000 0.3333 0.8000 1.0000 0.0000 0.0000 0.0000 1.0000 1.0000
0.1944 0.0000 0.0000 0.0000 0.0000 0.0000 0.0000 0.0000 0.0000 0.0000 0.0000 0.0000 0.0000 0.0000 0.0000 0.0000 0.0000 0.0000 0.0000 0.0132 1.0000 0.0000 0.0000 1.0000 0.0000 1.0000 0.0000 0.0000 1.0000 1.0000 0.3333 0.7429 1.0000 0.0000 0.0000 0.0000 1.0000 1.0000
0.1112 0.0000 0.0000 0.0000 0.0000 0.0000 0.0000 0.0000 0.0000 0.0000 0.0000 0.0000 0.0000 0.0000 0.0000 0.0000 0.0000 0.0000 0.0000 0.0132 1.0000 0.0000 0.0000 1.0000 0.0000 1.0000 0.0000 0.0000 1.0000 1.0000 0.3333 0.8857 1.0000 0.0000 0.0000 0.0000 1.0000 1.0000
0.5026 0.0000 0.0000 0.0000 0.0000 0.0000 0.0000 0.0000 0.0000 0.0000 0.0000 0.0000 0.0000 0.0000 0.0000 0.0000 0.0000 0.0000 0.0000 0.0132 1.0000 0.0000 0.0000 1.0000 0.0000 1.0000 0.0000 0.0000 1.0000 1.0000 0.3333 0.7714 1.0000 0.0000 0.0000 0.0000 1.0000 1.0000
0.9419 0.0000 0.0000 0.0000 0.0000 0.0000 0.0000 0.0000 0.0000 0.0000 0.0000 0.0000 0.0000 0.0000 0.0000 0.0000 0.0000 0.0000 0.0000 0.0132 1.0000 0.0000 0.0000 1.0000 0.0000 1.0000 0.0000 0.0000 1.0000 1.0000 0.3333 0.5429 1.0000 0.0000 0.0000 0.0000 1.0000 1.0000
0.4246 0.0000 0.0000 0.0000 0.0000 0.0000 0.0000 0.0000 0.0000 0.0000 0.0000 0.0000 0.0000 0.0000 0.0000 0.0000 0.0000 0.0000 0.0000 0.0132 1.0000 0.0000 0.0000 1.0000 0.0000 1.0000 0.0000 0.0000 1.0000 1.0000 0.3333 0.8714 1.0000 0.0000 0.0000 0.0000 1.0000 1.0000
0.5146 0.0000 0.0000 0.0000 0.0000 0.0000 0.0000 0.0000 0.0000 0.0000 0.0000 0.0000 0.0000 0.0000 0.0000 0.0000 0.0000 0.0000 0.0000 0.0000 0.0000 0.0000 0.0000 1.0000 0.0000 1.0000 0.0000 0.0000 1.0000 0.0000 0.0000 0.8857 1.0000 0.0000 0.0000 0.0000 1.0000 1.0000
0.3293 0.0000 0.0000 0.0000 0.0000 0.0000 0.0000 0.0000 0.0000 0.0000 0.0000 0.0000 0.0000 0.0000 0.0000 0.0000 0.0000 0.0000 0.0000 0.0132 1.0000 0.0000 0.0000 1.0000 0.0000 1.0000 0.0000 0.0000 1.0000 1.0000 0.3333 0.8000 1.0000 0.0000 0.0000 0.0000 1.0000 1.0000
0.6169 0.0000 0.0000 0.0000 0.0000 0.0000 0.0000 0.0000 0.0000 0.0000 0.0000 0.0000 0.0000 0.0000 0.0000 0.0000 0.0000 0.0000 0.0000 0.0132 1.0000 0.0000 0.0000 1.0000 0.0000 1.0000 0.0000 0.0000 1.0000 1.0000 0.3333 0.8429 1.0000 0.0000 0.0000 0.0000 1.0000 1.0000
0.5198 0.0000 0.0000 0.0000 0.0000 0.0000 0.0000 0.0000 0.0000 0.0000 0.0000 0.0000 0.0000 0.0000 0.0000 0.0000 0.0000 0.0000 0.0000 0.0132 1.0000 0.0000 0.0000 1.0000 0.0000 1.0000 0.0000 0.0000 1.0000 1.0000 0.3333 0.8714 1.0000 0.0000 0.0000 0.0000 1.0000 1.0000
0.3912 0.0000 0.0000 0.0000 0.0000 0.0000 0.0000 0.0000 0.0000 0.0000 0.0000 0.0000 0.0000 0.0000 0.0000 0.0000 0.0000 0.0000 0.0000 0.0132 1.0000 0.0000 0.0000 1.0000 0.0000 1.0000 0.0000 0.0000 1.0000 1.0000 0.3333 0.7286 1.0000 0.0000 0.0000 0.0000 1.0000 1.0000
0.1024 0.0000 0.0000 0.0000 0.0000 0.0000 0.0000 0.0000 0.0000 0.0000 0.0000 0.0000 0.0000 0.0000 0.0000 0.0000 0.0000 0.0000 0.0000 0.0132 1.0000 0.0000 0.0000 1.0000 0.0000 1.0000 0.0000 0.0000 1.0000 1.0000 0.3333 0.8857 1.0000 0.0000 0.0000 0.0000 1.0000 1.0000
0.8339 0.0000 0.0000 0.0000 0.0000 0.0000 0.0000 0.0000 0.0000 0.0000 0.0000 0.0000 0.0000 0.0000 0.0000 0.0000 0.0000 0.0000 0.0000 0.0132 1.0000 0.0000 0.0000 1.0000 0.0000 1.0000 0.0000 0.0000 1.0000 1.0000 0.3333 0.6571 1.0000 0.0000 0.0000 0.0000 1.0000 1.0000
0.2047 0.0000 0.0000 0.0000 0.0000 0.0000 0.0000 0.0000 0.0000 0.0000 0.0000 0.0000 0.0000 0.0000 0.0000 0.0000 0.0000 0.0000 0.0000 0.0132 1.0000 0.0000 0.0000 1.0000 0.0000 1.0000 0.0000 0.0000 1.0000 1.0000 0.3333 0.8429 1.0000 0.0000 0.0000 0.0000 1.0000 1.0000
0.1036 0.0000 0.0000 0.0000 0.0000 0.0000 0.0000 0.0000 0.0000 0.0000 0.0000 0.0000 0.0000 0.0000 0.0000 0.0000 0.0000 0.0000 0.0000 0.0132 1.0000 0.0000 0.0000 1.0000 0.0000 1.0000 0.0000 0.0000 1.0000 1.0000 0.3333 0.8857 1.0000 0.0000 0.0000 0.0000 1.0000 1.0000
0.5381 0.0000 0.0000 0.0000 0.0000 0.0000 0.0000 0.0000 0.0000 0.0000 0.0000 0.0000 0.0000 0.0000 0.0000 0.0000 0.0000 0.0000 0.0000 0.0132 1.0000 0.0000 0.0000 1.0000 0.0000 1.0000 0.0000 0.0000 1.0000 1.0000 0.3333 0.8714 1.0000 0.0000 0.0000 0.0000 1.0000 1.0000
0.7639 0.0000 0.0000 0.0000 0.0000 0.0000 0.0000 0.0000 0.0000 0.0000 0.0000 0.0000 0.0000 0.0000 0.0000 0.0000 0.0000 0.0000 0.0000 0.0132 1.0000 0.0000 0.0000 1.0000 0.0000 1.0000 0.0000 0.0000 1.0000 1.0000 0.3333 0.9857 1.0000 0.0000 0.0000 0.0000 1.0000 1.0000
0.2175 0.0000 0.0000 0.0000 0.0000 0.0000 0.0000 0.0000 0.0000 0.0000 0.0000 0.0000 0.0000 0.0000 0.0000 0.0000 0.0000 0.0000 0.0000 0.0132 1.0000 0.0000 0.0000 1.0000 0.0000 1.0000 0.0000 0.0000 1.0000 1.0000 0.3333 0.8857 1.0000 0.0000 0.0000 0.0000 1.0000 1.0000
0.3109 0.0000 0.0000 0.0000 0.0000 0.0000 0.0000 0.0000 0.0000 0.0000 0.0000 0.0000 0.0000 0.0000 0.0000 0.0000 0.0000 0.0000 0.0000 0.0132 1.0000 0.0000 0.0000 1.0000 0.0000 1.0000 0.0000 0.0000 1.0000 1.0000 0.3333 0.8000 1.0000 0.0000 0.0000 0.0000 1.0000 1.0000
0.1040 0.0000 0.0000 0.0000 0.0000 0.0000 0.0000 0.0000 0.0000 0.0000 0.0000 0.0000 0.0000 0.0000 0.0000 0.0000 0.0000 0.0000 0.0000 0.0132 1.0000 0.0000 0.0000 1.0000 0.0000 1.0000 0.0000 0.0000 1.0000 1.0000 0.3333 0.8857 1.0000 0.0000 0.0000 0.0000 1.0000 1.0000
0.8673 0.0000 0.0000 0.0000 0.0000 0.0000 0.0000 0.0000 0.0000 0.0000 0.0000 0.0000 0.0000 0.0000 0.0000 0.0000 0.0000 0.0000 0.0000 0.0132 1.0000 0.0000 0.0000 1.0000 0.0000 1.0000 0.0000 0.0000 1.0000 1.0000 0.3333 0.5429 1.0000 0.0000 0.0000 0.0000 1.0000 1.0000
0.9147 0.0000 0.0000 0.0000 0.0000 0.0000 0.0000 0.0000 0.0000 0.0000 0.0000 0.0000 0.0000 0.0000 0.0000 0.0000 0.0000 0.0000 0.0000 0.0132 1.0000 0.0000 0.0000 1.0000 0.0000 1.0000 0.0000 0.0000 1.0000 1.0000 0.3333 0.5571 1.0000 0.0000 0.0000 0.0000 1.0000 1.0000
1.0000 0.0000 0.0000 0.0000 0.0000 0.0000 0.0000 0.0000 0.0000 0.0000 0.0000 0.0000 0.0000 0.0000 0.0000 0.0000 0.0000 0.0000 0.0000 0.0132 1.0000 0.0000 0.0000 1.0000 0.0000 1.0000 0.0000 0.0000 0.5537 1.0000 0.3333 0.0571 0.3200 0.0000 0.0000 0.0000 0.2609 1.0000
0.3962 0.0000 0.0000 0.0000 0.0000 0.0000 0.0000 0.0000 0.0000 0.0000 0.0000 0.0000 0.0000 0.0000 0.0000 0.0000 0.0000 0.0000 0.0000 0.0132 1.0000 0.0000 0.0000 1.0000 0.0000 1.0000 0.0000 0.0000 1.0000 1.0000 0.3333 0.7571 1.0000 0.0000 0.0000 0.0000 1.0000 1.0000
0.9303 0.0000 0.0000 0.0000 0.0000 0.0000 0.0000 0.0000 0.0000 0.0000 0.0000 0.0000 0.0000 0.0000 0.0000 0.0000 0.0000 0.0000 0.0000 0.0132 1.0000 0.0000 0.0000 1.0000 0.0000 1.0000 0.0000 0.0000 1.0000 1.0000 0.3333 0.5571 1.0000 0.0000 0.0000 0.0000 1.0000 1.0000
0.8913 0.0000 0.0000 0.0000 0.0000 0.0000 0.0000 0.0000 0.0000 0.0000 0.0000 0.0000 0.0000 0.0000 0.0000 0.0000 0.0000 0.0000 0.0000 0.0132 1.0000 0.0000 0.0000 1.0000 0.0000 1.0000 0.0000 0.0000 1.0000 1.0000 0.3333 0.5429 1.0000 0.0000 0.0000 0.0000 1.0000 1.0000
0.4382 0.0000 0.0000 0.0000 0.0000 0.0000 0.0000 0.0000 0.0000 0.0000 0.0000 0.0000 0.0000 0.0000 0.0000 0.0000 0.0000 0.0000 0.0000 0.0132 1.0000 0.0000 0.0000 1.0000 0.0000 1.0000 0.0000 0.0000 1.0000 1.0000 0.3333 0.8714 1.0000 0.0000 0.0000 0.0000 1.0000 1.0000
0.2052 0.0000 0.0000 0.0000 0.0000 0.0000 0.0000 0.0000 0.0000 0.0000 0.0000 0.0000 0.0000 0.0000 0.0000 0.0000 0.0000 0.0000 0.0000 0.0132 1.0000 0.0000 0.0000 1.0000 0.0000 1.0000 0.0000 0.0000 1.0000 1.0000 0.3333 0.8429 1.0000 0.0000 0.0000 0.0000 1.0000 1.0000
0.3022 0.0000 0.0000 0.0000 0.0000 0.0000 0.0000 0.0000 0.0000 0.0000 0.0000 0.0000 0.0000 0.0000 0.0000 0.0000 0.0000 0.0000 0.0000 0.0132 1.0000 0.0000 0.0000 1.0000 0.0000 1.0000 0.0000 0.0000 1.0000 1.0000 0.3333 0.7714 1.0000 0.0000 0.0000 0.0000 1.0000 1.0000
0.5337 0.0000 0.0000 0.0000 0.0000 0.0000 0.0000 0.0000 0.0000 0.0000 0.0000 0.0000 0.0000 0.0000 0.0000 0.0000 0.0000 0.0000 0.0000 0.0132 1.0000 0.0000 0.0000 1.0000 0.0000 1.0000 0.0000 0.0000 1.0000 1.0000 0.3333 0.8714 1.0000 0.0000 0.0000 0.0000 1.0000 1.0000
0.9185 0.0000 0.0000 0.0000 0.0000 0.0000 0.0000 0.0000 0.0000 0.0000 0.0000 0.0000 0.0000 0.0000 0.0000 0.0000 0.0000 0.0000 0.0000 0.0132 1.0000 0.0000 0.0000 1.0000 0.0000 1.0000 0.0000 0.0000 1.0000 1.0000 0.3333 0.5571 1.0000 0.0000 0.0000 0.0000 1.0000 1.0000
0.8694 0.0000 0.0000 0.0000 0.0000 0.0000 0.0000 0.0000 0.0000 0.0000 0.0000 0.0000 0.0000 0.0000 0.0000 0.0000 0.0000 0.0000 0.0000 0.0132 1.0000 0.0000 0.0000 1.0000 0.0000 1.0000 0.0000 0.0000 1.0000 1.0000 0.3333 0.5429 1.0000 0.0000 0.0000 0.0000 1.0000 1.0000
0.6131 0.0000 0.0000 0.0000 0.0000 0.0000 0.0000 0.0000 0.0000 0.0000 0.0000 0.0000 0.0000 0.0000 0.0000 0.0000 0.0000 0.0000 0.0000 0.0132 1.0000 0.0000 0.0000 1.0000 0.0000 1.0000 0.0000 0.0000 1.0000 1.0000 0.3333 0.8000 1.0000 0.0000 0.0000 0.0000 1.0000 1.0000
0.1173 0.0000 0.0000 0.0000 0.0000 0.0000 0.0000 0.0000 0.0000 0.0000 0.0000 0.0000 0.0000 0.0000 0.0000 0.0000 0.0000 0.0000 0.0000 0.0132 1.0000 0.0000 0.0000 1.0000 0.0000 1.0000 0.0000 0.0000 1.0000 1.0000 0.3333 0.8857 1.0000 0.0000 0.0000 0.0000 1.0000 1.0000
0.1116 0.0000 0.0000 0.0000 0.0000 0.0000 0.0000 0.0000 0.0000 0.0000 0.0000 0.0000 0.0000 0.0000 0.0000 0.0000 0.0000 0.0000 0.0000 0.0132 1.0000 0.0000 0.0000 1.0000 0.0000 1.0000 0.0000 0.0000 1.0000 1.0000 0.3333 0.8857 1.0000 0.0000 0.0000 0.0000 1.0000 1.0000
0.2318 0.0000 0.0000 0.0000 0.0000 0.0000 0.0000 0.0000 0.0000 0.0000 0.0000 0.0000 0.0000 0.0000 0.0000 0.0000 0.0000 0.0000 0.0000 0.0132 1.0000 0.0000 0.0000 1.0000 0.0000 1.0000 0.0000 0.0000 1.0000 1.0000 0.3333 0.8857 1.0000 0.0000 0.0000 0.0000 1.0000 1.0000
0.3397 0.0000 0.0000 0.0000 0.0000 0.0000 0.0000 0.0000 0.0000 0.0000 0.0000 0.0000 0.0000 0.0000 0.0000 0.0000 0.0000 0.0000 0.0000 0.0132 1.0000 0.0000 0.0000 1.0000 0.0000 1.0000 0.0000 0.0000 1.0000 1.0000 0.3333 0.8000 1.0000 0.0000 0.0000 0.0000 1.0000 1.0000
0.9535 0.0000 0.0000 0.0000 0.0000 0.0000 0.0000 0.0000 0.0000 0.0000 0.0000 0.0000 0.0000 0.0000 0.0000 0.0000 0.0000 0.0000 0.0000 0.0132 1.0000 0.0000 0.0000 1.0000 0.0000 1.0000 0.0000 0.0000 1.0000 1.0000 0.3333 0.4571 0.8700 0.0000 0.0000 0.0000 0.8587 1.0000
0.6488 0.0000 0.0000 0.0000 0.0000 0.0000 0.0000 0.0000 0.0000 0.0000 0.0000 0.0000 0.0000 0.0000 0.0000 0.0000 0.0000 0.0000 0.0000 0.0132 1.0000 0.0000 0.0000 1.0000 0.0000 1.0000 0.0000 0.0000 1.0000 1.0000 0.3333 0.8857 1.0000 0.0000 0.0000 0.0000 1.0000 1.0000
0.9083 0.0000 0.0000 0.0000 0.0000 0.0000 0.0000 0.0000 0.0000 0.0000 0.0000 0.0000 0.0000 0.0000 0.0000 0.0000 0.0000 0.0000 0.0000 0.0132 1.0000 0.0000 0.0000 1.0000 0.0000 1.0000 0.0000 0.0000 1.0000 1.0000 0.3333 0.5571 1.0000 0.0000 0.0000 0.0000 1.0000 1.0000
0.9774 0.0000 0.0000 0.0000 0.0000 0.0000 0.0000 0.0000 0.0000 0.0000 0.0000 0.0000 0.0000 0.0000 0.0000 0.0000 0.0000 0.0000 0.0000 0.0132 1.0000 0.0000 0.0000 1.0000 0.0000 1.0000 0.0000 0.0000 1.0000 1.0000 0.3333 0.2286 0.5500 0.0000 0.0000 0.0000 0.5109 1.0000
0.9753 0.0000 0.0000 0.0000 0.0000 0.0000 0.0000 0.0000 0.0000 0.0000 0.0000 0.0000 0.0000 0.0000 0.0000 0.0000 0.0000 0.0000 0.0000 0.0132 1.0000 0.0000 0.0000 1.0000 0.0000 1.0000 0.0000 0.0000 1.0000 1.0000 0.3333 0.2429 0.5700 0.0000 0.0000 0.0000 0.5326 1.0000
0.7473 0.0000 0.0000 0.0000 0.0000 0.0000 0.0000 0.0000 0.0000 0.0000 0.0000 0.0000 0.0000 0.0000 0.0000 0.0000 0.0000 0.0000 0.0000 0.0132 1.0000 0.0000 0.0000 1.0000 0.0000 1.0000 0.0000 0.0000 1.0000 1.0000 0.3333 1.0000 1.0000 0.0000 0.0000 0.0000 1.0000 1.0000
0.9087 0.0000 0.0000 0.0000 0.0000 0.0000 0.0000 0.0000 0.0000 0.0000 0.0000 0.0000 0.0000 0.0000 0.0000 0.0000 0.0000 0.0000 0.0000 0.0132 1.0000 0.0000 0.0000 1.0000 0.0000 1.0000 0.0000 0.0000 1.0000 1.0000 0.3333 0.5571 1.0000 0.0000 0.0000 0.0000 1.0000 1.0000
0.8736 0.0000 0.0000 0.0000 0.0000 0.0000 0.0000 0.0000 0.0000 0.0000 0.0000 0.0000 0.0000 0.0000 0.0000 0.0000 0.0000 0.0000 0.0000 0.0132 1.0000 0.0000 0.0000 1.0000 0.0000 1.0000 0.0000 0.0000 1.0000 1.0000 0.3333 0.5429 1.0000 0.0000 0.0000 0.0000 1.0000 1.0000
0.7531 0.0000 0.0000 0.0000 0.0000 0.0000 0.0000 0.0000 0.0000 0.0000 0.0000 0.0000 0.0000 0.0000 0.0000 0.0000 0.0000 0.0000 0.0000 0.0132 1.0000 0.0000 0.0000 1.0000 0.0000 1.0000 0.0000 0.0000 1.0000 1.0000 0.3333 1.0000 1.0000 0.0000 0.0000 0.0000 1.0000 1.0000
0.4208 0.0000 0.0000 0.0000 0.0000 0.0000 0.0000 0.0000 0.0000 0.0000 0.0000 0.0000 0.0000 0.0000 0.0000 0.0000 0.0000 0.0000 0.0000 0.0132 1.0000 0.0000 0.0000 1.0000 0.0000 1.0000 0.0000 0.0000 1.0000 1.0000 0.3333 0.8714 1.0000 0.0000 0.0000 0.0000 1.0000 1.0000
0.3148 0.0000 0.0000 0.0000 0.0000 0.0000 0.0000 0.0000 0.0000 0.0000 0.0000 0.0000 0.0000 0.0000 0.0000 0.0000 0.0000 0.0000 0.0000 0.0132 1.0000 0.0000 0.0000 1.0000 0.0000 1.0000 0.0000 0.0000 1.0000 1.0000 0.3333 0.8000 1.0000 0.0000 0.0000 0.0000 1.0000 1.0000
0.8873 0.0000 0.0000 0.0000 0.0000 0.0000 0.0000 0.0000 0.0000 0.0000 0.0000 0.0000 0.0000 0.0000 0.0000 0.0000 0.0000 0.0000 0.0000 0.0132 1.0000 0.0000 0.0000 1.0000 0.0000 1.0000 0.0000 0.0000 1.0000 1.0000 0.3333 0.5429 1.0000 0.0000 0.0000 0.0000 1.0000 1.0000
0.8620 0.0000 0.0000 0.0000 0.0000 0.0000 0.0000 0.0000 0.0000 0.0000 0.0000 0.0000 0.0000 0.0000 0.0000 0.0000 0.0000 0.0000 0.0000 0.0132 1.0000 0.0000 0.0000 1.0000 0.0000 1.0000 0.0000 0.0000 1.0000 1.0000 0.3333 0.5429 1.0000 0.0000 0.0000 0.0000 1.0000 1.0000
0.0301 0.0000 0.0000 0.0000 0.0000 0.0000 0.0000 0.0000 0.0000 0.0000 0.0000 0.0000 0.0000 0.0000 0.0000 0.0000 0.0000 0.0000 0.0000 0.0132 1.0000 0.0000 0.0000 1.0000 0.0000 1.0000 0.0000 0.0000 1.0000 1.0000 0.3333 0.8571 1.0000 0.0000 0.0000 0.0000 1.0000 1.0000
0.2390 0.0000 0.0000 0.0000 0.0000 0.0000 0.0000 0.0000 0.0000 0.0000 0.0000 0.0000 0.0000 0.0000 0.0000 0.0000 0.0000 0.0000 0.0000 0.0132 1.0000 0.0000 0.0000 1.0000 0.0000 1.0000 0.0000 0.0000 1.0000 1.0000 0.3333 0.8714 1.0000 0.0000 0.0000 0.0000 1.0000 1.0000
0.4014 0.0000 0.0000 0.0000 0.0000 0.0000 0.0000 0.0000 0.0000 0.0000 0.0000 0.0000 0.0000 0.0000 0.0000 0.0000 0.0000 0.0000 0.0000 0.0132 1.0000 0.0000 0.0000 1.0000 0.0000 1.0000 0.0000 0.0000 1.0000 1.0000 0.3333 0.8143 1.0000 0.0000 0.0000 0.0000 1.0000 1.0000
0.7150 0.0000 0.0000 0.0000 0.0000 0.0000 0.0000 0.0000 0.0000 0.0000 0.0000 0.0000 0.0000 0.0000 0.0000 0.0000 0.0000 0.0000 0.0000 0.0132 1.0000 0.0000 0.0000 1.0000 0.0000 1.0000 0.0000 0.0000 1.0000 1.0000 0.3333 0.7429 1.0000 0.0000 0.0000 0.0000 1.0000 1.0000
0.5150 0.0000 0.0000 0.0000 0.0000 0.0000 0.0000 0.0000 0.0000 0.0000 0.0000 0.0000 0.0000 0.0000 0.0000 0.0000 0.0000 0.0000 0.0000 0.0132 1.0000 0.0000 0.0000 1.0000 0.0000 1.0000 0.0000 0.0000 1.0000 1.0000 0.3333 0.8714 1.0000 0.0000 0.0000 0.0000 1.0000 1.0000
0.1045 0.0000 0.0000 0.0000 0.0000 0.0000 0.0000 0.0000 0.0000 0.0000 0.0000 0.0000 0.0000 0.0000 0.0000 0.0000 0.0000 0.0000 0.0000 0.0132 1.0000 0.0000 0.0000 1.0000 0.0000 1.0000 0.0000 0.0000 1.0000 1.0000 0.3333 0.8857 1.0000 0.0000 0.0000 0.0000 1.0000 1.0000
0.6446 0.0000 0.0000 0.0000 0.0000 0.0000 0.0000 0.0000 0.0000 0.0000 0.0000 0.0000 0.0000 0.0000 0.0000 0.0000 0.0000 0.0000 0.0000 0.0132 1.0000 0.0000 0.0000 1.0000 0.0000 1.0000 0.0000 0.0000 1.0000 1.0000 0.3333 0.8857 1.0000 0.0000 0.0000 0.0000 1.0000 1.0000
0.2237 0.0000 0.0000 0.0000 0.0000 0.0000 0.0000 0.0000 0.0000 0.0000 0.0000 0.0000 0.0000 0.0000 0.0000 0.0000 0.0000 0.0000 0.0000 0.0132 1.0000 0.0000 0.0000 1.0000 0.0000 1.0000 0.0000 0.0000 1.0000 1.0000 0.3333 0.8857 1.0000 0.0000 0.0000 0.0000 1.0000 1.0000
0.6015 0.0000 0.0000 0.0000 0.0000 0.0000 0.0000 0.0000 0.0000 0.0000 0.0000 0.0000 0.0000 0.0000 0.0000 0.0000 0.0000 0.0000 0.0000 0.0000 0.0000 0.0000 0.0000 1.0000 0.0000 1.0000 0.0000 0.0000 1.0000 0.0000 0.0000 0.7143 1.0000 0.0000 0.0000 0.0000 1.0000 1.0000
