0.5460 0.0001 0.0002 0.0000 0.0000 0.0000 0.0000 0.0000 0.0002 0.0000 0.0000 0.0000 0.0000 0.0000 0.0000 0.0000 0.0000 0.0000 0.0000 0.0035 0.9795 0.0000 0.0000 0.9938 0.0000 0.9960 0.0001 0.0000 0.9805 0.9750 0.3111 0.7136 0.9840 0.0000 0.0000 0.0000 0.9278 0.9949
0.5351 0.0001 0.0002 0.0000 0.0000 0.0000 0.0000 0.0000 0.0002 0.0000 0.0000 0.0000 0.0000 0.0000 0.0000 0.0000 0.0000 0.0000 0.0000 0.0037 0.9785 0.0000 0.0000 0.9937 0.0000 0.9961 0.0002 0.0000 0.9825 0.9737 0.3110 0.7143 0.9834 0.0000 0.0000 0.0000 0.9203 0.9945
0.5313 0.0002 0.0002 0.0000 0.0001 0.0000 0.0000 0.0000 0.0002 0.0000 0.0000 0.0000 0.0000 0.0000 0.0000 0.0000 0.0000 0.0000 0.0000 0.0038 0.9796 0.0000 0.0000 0.9933 0.0000 0.9965 0.0002 0.0000 0.9846 0.9748 0.3096 0.7239 0.9851 0.0000 0.0000 0.0001 0.9206 0.9947
0.5433 0.0001 0.0002 0.0000 0.0000 0.0000 0.0000 0.0000 0.0002 0.0000 0.0000 0.0000 0.0000 0.0000 0.0000 0.0000 0.0000 0.0000 0.0000 0.0035 0.9797 0.0000 0.0000 0.9939 0.0000 0.9959 0.0001 0.0000 0.9815 0.9739 0.3089 0.7182 0.9846 0.0000 0.0000 0.0000 0.9254 0.9948
0.5401 0.0001 0.0002 0.0000 0.0001 0.0000 0.0000 0.0000 0.0002 0.0000 0.0000 0.0000 0.0000 0.0000 0.0000 0.0000 0.0000 0.0000 0.0000 0.0036 0.9797 0.0000 0.0000 0.9935 0.0000 0.9963 0.0002 0.0000 0.9831 0.9749 0.3034 0.7218 0.9844 0.0000 0.0000 0.0001 0.9225 0.9947
0.5356 0.0002 0.0002 0.0000 0.0001 0.0000 0.0000 0.0000 0.0002 0.0000 0.0000 0.0000 0.0000 0.0000 0.0000 0.0000 0.0000 0.0000 0.0000 0.0039 0.9790 0.0000 0.0000 0.9933 0.0000 0.9965 0.0002 0.0000 0.9850 0.9730 0.3017 0.7246 0.9835 0.0000 0.0000 0.0000 0.9155 0.9943
0.5272 0.0002 0.0002 0.0000 0.0001 0.0000 0.0000 0.0000 0.0002 0.0000 0.0000 0.0000 0.0000 0.0000 0.0000 0.0000 0.0000 0.0000 0.0000 0.0037 0.9789 0.0000 0.0000 0.9934 0.0000 0.9965 0.0002 0.0000 0.9839 0.9739 0.3120 0.7242 0.9852 0.0000 0.0000 0.0001 0.9202 0.9944
0.5334 0.0001 0.0002 0.0000 0.0001 0.0000 0.0000 0.0000 0.0002 0.0000 0.0000 0.0000 0.0000 0.0000 0.0000 0.0000 0.0000 0.0000 0.0000 0.0035 0.9795 0.0000 0.0000 0.9934 0.0000 0.9964 0.0002 0.0000 0.9830 0.9750 0.3040 0.7281 0.9851 0.0000 0.0000 0.0001 0.9213 0.9946
0.5395 0.0002 0.0002 0.0000 0.0001 0.0000 0.0000 0.0000 0.0002 0.0000 0.0000 0.0000 0.0000 0.0000 0.0000 0.0000 0.0000 0.0000 0.0000 0.0035 0.9796 0.0000 0.0000 0.9934 0.0000 0.9964 0.0002 0.0000 0.9836 0.9749 0.2978 0.7277 0.9852 0.0000 0.0000 0.0001 0.9185 0.9946
0.5288 0.0002 0.0002 0.0000 0.0001 0.0000 0.0000 0.0000 0.0002 0.0000 0.0000 0.0000 0.0000 0.0000 0.0000 0.0000 0.0000 0.0000 0.0000 0.0038 0.9786 0.0000 0.0000 0.9934 0.0000 0.9966 0.0002 0.0000 0.9853 0.9725 0.3080 0.7299 0.9847 0.0000 0.0000 0.0000 0.9158 0.9941
0.5495 0.0001 0.0002 0.0000 0.0001 0.0000 0.0000 0.0000 0.0002 0.0000 0.0000 0.0000 0.0000 0.0000 0.0000 0.0000 0.0000 0.0000 0.0000 0.0037 0.9801 0.0000 0.0000 0.9936 0.0000 0.9963 0.0002 0.0000 0.9835 0.9756 0.2991 0.7218 0.9853 0.0000 0.0000 0.0001 0.9225 0.9949
0.5314 0.0001 0.0002 0.0000 0.0001 0.0000 0.0000 0.0000 0.0002 0.0000 0.0000 0.0000 0.0000 0.0000 0.0000 0.0000 0.0000 0.0000 0.0000 0.0036 0.9796 0.0000 0.0000 0.9936 0.0000 0.9963 0.0002 0.0000 0.9827 0.9749 0.3177 0.7221 0.9855 0.0000 0.0000 0.0001 0.9248 0.9947
0.5249 0.0002 0.0002 0.0000 0.0001 0.0000 0.0000 0.0000 0.0002 0.0000 0.0000 0.0000 0.0000 0.0000 0.0000 0.0000 0.0000 0.0000 0.0000 0.0036 0.9792 0.0000 0.0000 0.9935 0.0000 0.9965 0.0002 0.0000 0.9837 0.9745 0.3176 0.7309 0.9855 0.0000 0.0000 0.0001 0.9243 0.9945
0.5449 0.0001 0.0002 0.0000 0.0000 0.0000 0.0000 0.0000 0.0002 0.0000 0.0000 0.0000 0.0000 0.0000 0.0000 0.0000 0.0000 0.0000 0.0000 0.0036 0.9801 0.0000 0.0000 0.9940 0.0000 0.9956 0.0001 0.0000 0.9788 0.9753 0.3143 0.6993 0.9839 0.0000 0.0000 0.0000 0.9310 0.9953
0.5410 0.0002 0.0002 0.0000 0.0001 0.0000 0.0000 0.0000 0.0002 0.0000 0.0000 0.0000 0.0000 0.0000 0.0000 0.0000 0.0000 0.0000 0.0000 0.0038 0.9792 0.0000 0.0000 0.9934 0.0000 0.9966 0.0002 0.0000 0.9857 0.9733 0.2992 0.7338 0.9853 0.0000 0.0000 0.0001 0.9161 0.9942
0.5448 0.0001 0.0002 0.0000 0.0000 0.0000 0.0000 0.0000 0.0002 0.0000 0.0000 0.0000 0.0000 0.0000 0.0000 0.0000 0.0000 0.0000 0.0000 0.0035 0.9790 0.0000 0.0000 0.9938 0.0000 0.9958 0.0001 0.0000 0.9810 0.9747 0.3055 0.7124 0.9847 0.0000 0.0000 0.0000 0.9242 0.9948
0.5243 0.0001 0.0002 0.0000 0.0001 0.0000 0.0000 0.0000 0.0002 0.0000 0.0000 0.0000 0.0000 0.0000 0.0000 0.0000 0.0000 0.0000 0.0000 0.0035 0.9790 0.0000 0.0000 0.9936 0.0000 0.9962 0.0002 0.0000 0.9819 0.9746 0.3178 0.7251 0.9855 0.0000 0.0000 0.0001 0.9241 0.9946
0.5327 0.0002 0.0002 0.0000 0.0001 0.0000 0.0000 0.0000 0.0002 0.0000 0.0000 0.0000 0.0000 0.0000 0.0000 0.0000 0.0000 0.0000 0.0000 0.0037 0.9797 0.0000 0.0000 0.9935 0.0000 0.9963 0.0002 0.0000 0.9840 0.9742 0.3025 0.7224 0.9853 0.0000 0.0000 0.0001 0.9178 0.9946
0.5457 0.0001 0.0002 0.0000 0.0000 0.0000 0.0000 0.0000 0.0002 0.0000 0.0000 0.0000 0.0000 0.0000 0.0000 0.0000 0.0000 0.0000 0.0000 0.0036 0.9803 0.0000 0.0000 0.9937 0.0000 0.9962 0.0001 0.0000 0.9816 0.9760 0.3093 0.7159 0.9849 0.0000 0.0000 0.0000 0.9266 0.9952
0.5371 0.0001 0.0002 0.0000 0.0001 0.0000 0.0000 0.0000 0.0002 0.0000 0.0000 0.0000 0.0000 0.0000 0.0000 0.0000 0.0000 0.0000 0.0000 0.0034 0.9794 0.0000 0.0000 0.9936 0.0000 0.9960 0.0001 0.0000 0.9817 0.9756 0.3110 0.7175 0.9854 0.0000 0.0000 0.0001 0.9246 0.9949
0.5253 0.0002 0.0002 0.0000 0.0001 0.0000 0.0000 0.0000 0.0002 0.0000 0.0000 0.0000 0.0000 0.0000 0.0000 0.0000 0.0000 0.0000 0.0000 0.0037 0.9788 0.0000 0.0000 0.9935 0.0000 0.9964 0.0002 0.0000 0.9831 0.9739 0.3173 0.7226 0.9850 0.0000 0.0000 0.0001 0.9213 0.9944
0.5407 0.0001 0.0002 0.0000 0.0000 0.0000 0.0000 0.0000 0.0002 0.0000 0.0000 0.0000 0.0000 0.0000 0.0000 0.0000 0.0000 0.0000 0.0000 0.0036 0.9800 0.0000 0.0000 0.9938 0.0000 0.9961 0.0001 0.0000 0.9816 0.9750 0.3142 0.7140 0.9850 0.0000 0.0000 0.0000 0.9262 0.9949
0.5418 0.0001 0.0002 0.0000 0.0001 0.0000 0.0000 0.0000 0.0002 0.0000 0.0000 0.0000 0.0000 0.0000 0.0000 0.0000 0.0000 0.0000 0.0000 0.0037 0.9795 0.0000 0.0000 0.9935 0.0000 0.9962 0.0002 0.0000 0.9827 0.9738 0.3031 0.7140 0.9848 0.0000 0.0000 0.0001 0.9204 0.9947
0.5309 0.0002 0.0002 0.0000 0.0001 0.0000 0.0000 0.0000 0.0002 0.0000 0.0000 0.0000 0.0000 0.0000 0.0000 0.0000 0.0000 0.0000 0.0000 0.0036 0.9792 0.0000 0.0000 0.9935 0.0000 0.9962 0.0002 0.0000 0.9825 0.9734 0.3086 0.7201 0.9851 0.0000 0.0000 0.0001 0.9191 0.9945
0.5492 0.0001 0.0002 0.0000 0.0000 0.0000 0.0000 0.0000 0.0002 0.0000 0.0000 0.0000 0.0000 0.0000 0.0000 0.0000 0.0000 0.0000 0.0000 0.0037 0.9799 0.0000 0.0000 0.9938 0.0000 0.9961 0.0001 0.0000 0.9813 0.9754 0.3064 0.7099 0.9846 0.0000 0.0000 0.0000 0.9269 0.9951
0.5378 0.0002 0.0002 0.0000 0.0001 0.0000 0.0000 0.0000 0.0002 0.0000 0.0000 0.0000 0.0000 0.0000 0.0000 0.0000 0.0000 0.0000 0.0000 0.0037 0.9794 0.0000 0.0000 0.9933 0.0000 0.9964 0.0002 0.0000 0.9839 0.9741 0.3005 0.7296 0.9852 0.0000 0.0000 0.0001 0.9191 0.9945
0.5336 0.0001 0.0002 0.0000 0.0001 0.0000 0.0000 0.0000 0.0002 0.0000 0.0000 0.0000 0.0000 0.0000 0.0000 0.0000 0.0000 0.0000 0.0000 0.0035 0.9799 0.0000 0.0000 0.9937 0.0000 0.9962 0.0002 0.0000 0.9823 0.9746 0.3132 0.7240 0.9849 0.0000 0.0000 0.0001 0.9255 0.9947
0.5296 0.0002 0.0002 0.0000 0.0001 0.0000 0.0000 0.0000 0.0002 0.0000 0.0000 0.0000 0.0000 0.0000 0.0000 0.0000 0.0000 0.0000 0.0000 0.0035 0.9795 0.0000 0.0000 0.9932 0.0000 0.9966 0.0002 0.0000 0.9848 0.9748 0.3031 0.7345 0.9861 0.0000 0.0000 0.0001 0.9180 0.9945
0.5399 0.0002 0.0002 0.0000 0.0001 0.0000 0.0000 0.0000 0.0002 0.0000 0.0000 0.0000 0.0000 0.0000 0.0000 0.0000 0.0000 0.0000 0.0000 0.0038 0.9796 0.0000 0.0000 0.9933 0.0000 0.9966 0.0002 0.0000 0.9847 0.9748 0.3061 0.7270 0.9851 0.0000 0.0000 0.0001 0.9208 0.9946
0.5398 0.0002 0.0002 0.0000 0.0000 0.0000 0.0000 0.0000 0.0002 0.0000 0.0000 0.0000 0.0000 0.0000 0.0000 0.0000 0.0000 0.0000 0.0000 0.0039 0.9788 0.0000 0.0000 0.9936 0.0000 0.9960 0.0002 0.0000 0.9828 0.9731 0.3107 0.7099 0.9842 0.0000 0.0000 0.0000 0.9216 0.9945
0.5357 0.0001 0.0002 0.0000 0.0000 0.0000 0.0000 0.0000 0.0002 0.0000 0.0000 0.0000 0.0000 0.0000 0.0000 0.0000 0.0000 0.0000 0.0000 0.0035 0.9795 0.0000 0.0000 0.9937 0.0000 0.9961 0.0001 0.0000 0.9812 0.9751 0.3118 0.7194 0.9844 0.0000 0.0000 0.0000 0.9263 0.9948
0.5385 0.0001 0.0002 0.0000 0.0000 0.0000 0.0000 0.0000 0.0002 0.0000 0.0000 0.0000 0.0000 0.0000 0.0000 0.0000 0.0000 0.0000 0.0000 0.0035 0.9790 0.0000 0.0000 0.9938 0.0000 0.9958 0.0001 0.0000 0.9800 0.9743 0.3163 0.7128 0.9843 0.0000 0.0000 0.0001 0.9288 0.9948
0.5388 0.0001 0.0002 0.0000 0.0000 0.0000 0.0000 0.0000 0.0002 0.0000 0.0000 0.0000 0.0000 0.0000 0.0000 0.0000 0.0000 0.0000 0.0000 0.0036 0.9790 0.0000 0.0000 0.9938 0.0000 0.9961 0.0002 0.0000 0.9817 0.9734 0.3141 0.7140 0.9840 0.0000 0.0000 0.0000 0.9253 0.9946
0.5372 0.0002 0.0002 0.0000 0.0001 0.0000 0.0000 0.0000 0.0002 0.0000 0.0000 0.0000 0.0000 0.0000 0.0000 0.0000 0.0000 0.0000 0.0000 0.0037 0.9790 0.0000 0.0000 0.9934 0.0000 0.9965 0.0002 0.0000 0.9842 0.9742 0.3023 0.7265 0.9845 0.0000 0.0000 0.0000 0.9184 0.9944
0.5395 0.0002 0.0002 0.0000 0.0001 0.0000 0.0000 0.0000 0.0002 0.0000 0.0000 0.0000 0.0000 0.0000 0.0000 0.0000 0.0000 0.0000 0.0000 0.0036 0.9797 0.0000 0.0000 0.9934 0.0000 0.9963 0.0002 0.0000 0.9834 0.9755 0.3044 0.7220 0.9855 0.0000 0.0000 0.0001 0.9214 0.9948
0.5266 0.0002 0.0002 0.0000 0.0001 0.0000 0.0000 0.0000 0.0002 0.0000 0.0000 0.0000 0.0000 0.0000 0.0000 0.0000 0.0000 0.0000 0.0000 0.0037 0.9784 0.0000 0.0000 0.9934 0.0000 0.9965 0.0002 0.0000 0.9840 0.9728 0.3098 0.7254 0.9848 0.0000 0.0000 0.0001 0.9163 0.9941
0.5326 0.0002 0.0002 0.0000 0.0001 0.0000 0.0000 0.0000 0.0002 0.0000 0.0000 0.0000 0.0000 0.0000 0.0000 0.0000 0.0000 0.0000 0.0000 0.0037 0.9791 0.0000 0.0000 0.9932 0.0000 0.9966 0.0002 0.0000 0.9856 0.9740 0.3051 0.7330 0.9852 0.0000 0.0000 0.0001 0.9182 0.9943
0.5460 0.0002 0.0002 0.0000 0.0000 0.0000 0.0000 0.0000 0.0002 0.0000 0.0000 0.0000 0.0000 0.0000 0.0000 0.0000 0.0000 0.0000 0.0000 0.0037 0.9790 0.0000 0.0000 0.9938 0.0000 0.9960 0.0002 0.0000 0.9831 0.9734 0.2982 0.7171 0.9840 0.0000 0.0000 0.0000 0.9174 0.9945
0.5353 0.0002 0.0002 0.0000 0.0001 0.0000 0.0000 0.0000 0.0002 0.0000 0.0000 0.0000 0.0000 0.0000 0.0000 0.0000 0.0000 0.0000 0.0000 0.0036 0.9792 0.0000 0.0000 0.9934 0.0000 0.9964 0.0002 0.0000 0.9834 0.9750 0.3101 0.7234 0.9857 0.0000 0.0000 0.0001 0.9213 0.9946
0.5422 0.0001 0.0002 0.0000 0.0000 0.0000 0.0000 0.0000 0.0002 0.0000 0.0000 0.0000 0.0000 0.0000 0.0000 0.0000 0.0000 0.0000 0.0000 0.0036 0.9794 0.0000 0.0000 0.9937 0.0000 0.9962 0.0002 0.0000 0.9820 0.9745 0.3083 0.7190 0.9838 0.0000 0.0000 0.0000 0.9244 0.9948
0.5380 0.0001 0.0002 0.0000 0.0001 0.0000 0.0000 0.0000 0.0002 0.0000 0.0000 0.0000 0.0000 0.0000 0.0000 0.0000 0.0000 0.0000 0.0000 0.0035 0.9798 0.0000 0.0000 0.9934 0.0000 0.9963 0.0002 0.0000 0.9831 0.9756 0.2988 0.7264 0.9848 0.0000 0.0000 0.0001 0.9197 0.9948
0.5412 0.0001 0.0002 0.0000 0.0000 0.0000 0.0000 0.0000 0.0002 0.0000 0.0000 0.0000 0.0000 0.0000 0.0000 0.0000 0.0000 0.0000 0.0000 0.0034 0.9794 0.0000 0.0000 0.9938 0.0000 0.9960 0.0001 0.0000 0.9801 0.9753 0.3122 0.7124 0.9845 0.0000 0.0000 0.0001 0.9281 0.9950
0.5329 0.0001 0.0002 0.0000 0.0000 0.0000 0.0000 0.0000 0.0002 0.0000 0.0000 0.0000 0.0000 0.0000 0.0000 0.0000 0.0000 0.0000 0.0000 0.0036 0.9791 0.0000 0.0000 0.9938 0.0000 0.9961 0.0001 0.0000 0.9816 0.9745 0.3148 0.7180 0.9848 0.0000 0.0000 0.0000 0.9246 0.9947
0.5432 0.0001 0.0002 0.0000 0.0001 0.0000 0.0000 0.0000 0.0002 0.0000 0.0000 0.0000 0.0000 0.0000 0.0000 0.0000 0.0000 0.0000 0.0000 0.0034 0.9798 0.0000 0.0000 0.9939 0.0000 0.9959 0.0001 0.0000 0.9809 0.9757 0.3144 0.7134 0.9853 0.0000 0.0000 0.0001 0.9275 0.9950
0.5401 0.0002 0.0002 0.0000 0.0001 0.0000 0.0000 0.0000 0.0002 0.0000 0.0000 0.0000 0.0000 0.0000 0.0000 0.0000 0.0000 0.0000 0.0000 0.0037 0.9793 0.0000 0.0000 0.9935 0.0000 0.9963 0.0002 0.0000 0.9831 0.9733 0.3079 0.7214 0.9845 0.0000 0.0000 0.0000 0.9202 0.9945
0.5358 0.0002 0.0002 0.0000 0.0001 0.0000 0.0000 0.0000 0.0002 0.0000 0.0000 0.0000 0.0000 0.0000 0.0000 0.0000 0.0000 0.0000 0.0000 0.0037 0.9797 0.0000 0.0000 0.9933 0.0000 0.9964 0.0002 0.0000 0.9837 0.9747 0.3057 0.7230 0.9840 0.0000 0.0000 0.0001 0.9224 0.9948
0.5380 0.0001 0.0002 0.0000 0.0000 0.0000 0.0000 0.0000 0.0002 0.0000 0.0000 0.0000 0.0000 0.0000 0.0000 0.0000 0.0000 0.0000 0.0000 0.0036 0.9792 0.0000 0.0000 0.9936 0.0000 0.9963 0.0002 0.0000 0.9826 0.9749 0.3058 0.7223 0.9842 0.0000 0.0000 0.0000 0.9224 0.9947
0.5403 0.0001 0.0002 0.0000 0.0001 0.0000 0.0000 0.0000 0.0002 0.0000 0.0000 0.0000 0.0000 0.0000 0.0000 0.0000 0.0000 0.0000 0.0000 0.0036 0.9798 0.0000 0.0000 0.9936 0.0000 0.9960 0.0002 0.0000 0.9817 0.9750 0.3073 0.7161 0.9848 0.0000 0.0000 0.0001 0.9258 0.9949
0.5445 0.0001 0.0002 0.0000 0.0001 0.0000 0.0000 0.0000 0.0002 0.0000 0.0000 0.0000 0.0000 0.0000 0.0000 0.0000 0.0000 0.0000 0.0000 0.0035 0.9800 0.0000 0.0000 0.9937 0.0000 0.9962 0.0002 0.0000 0.9818 0.9757 0.3072 0.7197 0.9853 0.0000 0.0000 0.0001 0.9257 0.9949
0.5360 0.0001 0.0002 0.0000 0.0000 0.0000 0.0000 0.0000 0.0002 0.0000 0.0000 0.0000 0.0000 0.0000 0.0000 0.0000 0.0000 0.0000 0.0000 0.0036 0.9793 0.0000 0.0000 0.9938 0.0000 0.9959 0.0002 0.0000 0.9811 0.9741 0.3131 0.7102 0.9847 0.0000 0.0000 0.0001 0.9258 0.9947
0.5446 0.0001 0.0002 0.0000 0.0000 0.0000 0.0000 0.0000 0.0002 0.0000 0.0000 0.0000 0.0000 0.0000 0.0000 0.0000 0.0000 0.0000 0.0000 0.0035 0.9799 0.0000 0.0000 0.9939 0.0000 0.9960 0.0001 0.0000 0.9806 0.9763 0.3133 0.7087 0.9851 0.0000 0.0000 0.0000 0.9278 0.9952
0.5368 0.0002 0.0002 0.0000 0.0001 0.0000 0.0000 0.0000 0.0002 0.0000 0.0000 0.0000 0.0000 0.0000 0.0000 0.0000 0.0000 0.0000 0.0000 0.0037 0.9798 0.0000 0.0000 0.9932 0.0000 0.9967 0.0002 0.0000 0.9852 0.9748 0.3039 0.7325 0.9855 0.0000 0.0000 0.0001 0.9195 0.9946
0.5433 0.0001 0.0002 0.0000 0.0001 0.0000 0.0000 0.0000 0.0002 0.0000 0.0000 0.0000 0.0000 0.0000 0.0000 0.0000 0.0000 0.0000 0.0000 0.0035 0.9797 0.0000 0.0000 0.9936 0.0000 0.9961 0.0002 0.0000 0.9818 0.9744 0.3038 0.7174 0.9843 0.0000 0.0000 0.0000 0.9212 0.9947
0.5337 0.0001 0.0002 0.0000 0.0001 0.0000 0.0000 0.0000 0.0002 0.0000 0.0000 0.0000 0.0000 0.0000 0.0000 0.0000 0.0000 0.0000 0.0000 0.0036 0.9799 0.0000 0.0000 0.9935 0.0000 0.9963 0.0002 0.0000 0.9832 0.9749 0.3085 0.7221 0.9849 0.0000 0.0000 0.0001 0.9212 0.9948
0.5417 0.0002 0.0002 0.0000 0.0001 0.0000 0.0000 0.0000 0.0002 0.0000 0.0000 0.0000 0.0000 0.0000 0.0000 0.0000 0.0000 0.0000 0.0000 0.0036 0.9793 0.0000 0.0000 0.9936 0.0000 0.9962 0.0002 0.0000 0.9834 0.9741 0.3029 0.7240 0.9847 0.0000 0.0000 0.0001 0.9200 0.9946
0.5425 0.0002 0.0002 0.0000 0.0000 0.0000 0.0000 0.0000 0.0002 0.0000 0.0000 0.0000 0.0000 0.0000 0.0000 0.0000 0.0000 0.0000 0.0000 0.0038 0.9790 0.0000 0.0000 0.9935 0.0000 0.9962 0.0002 0.0000 0.9831 0.9735 0.3035 0.7140 0.9843 0.0000 0.0000 0.0000 0.9189 0.9945
0.5424 0.0001 0.0002 0.0000 0.0000 0.0000 0.0000 0.0000 0.0002 0.0000 0.0000 0.0000 0.0000 0.0000 0.0000 0.0000 0.0000 0.0000 0.0000 0.0037 0.9801 0.0000 0.0000 0.9938 0.0000 0.9962 0.0001 0.0000 0.9814 0.9749 0.3165 0.7096 0.9844 0.0000 0.0000 0.0000 0.9289 0.9951
0.5422 0.0001 0.0002 0.0000 0.0000 0.0000 0.0000 0.0000 0.0002 0.0000 0.0000 0.0000 0.0000 0.0000 0.0000 0.0000 0.0000 0.0000 0.0000 0.0037 0.9797 0.0000 0.0000 0.9936 0.0000 0.9962 0.0001 0.0000 0.9817 0.9753 0.3101 0.7111 0.9846 0.0000 0.0000 0.0000 0.9263 0.9950
0.5430 0.0001 0.0002 0.0000 0.0001 0.0000 0.0000 0.0000 0.0002 0.0000 0.0000 0.0000 0.0000 0.0000 0.0000 0.0000 0.0000 0.0000 0.0000 0.0035 0.9798 0.0000 0.0000 0.9937 0.0000 0.9962 0.0001 0.0000 0.9817 0.9757 0.3098 0.7193 0.9851 0.0000 0.0000 0.0001 0.9258 0.9949
0.5382 0.0002 0.0002 0.0000 0.0000 0.0000 0.0000 0.0000 0.0002 0.0000 0.0000 0.0000 0.0000 0.0000 0.0000 0.0000 0.0000 0.0000 0.0000 0.0038 0.9789 0.0000 0.0000 0.9936 0.0000 0.9961 0.0002 0.0000 0.9823 0.9729 0.3083 0.7137 0.9840 0.0000 0.0000 0.0000 0.9219 0.9945
0.5417 0.0001 0.0002 0.0000 0.0000 0.0000 0.0000 0.0000 0.0002 0.0000 0.0000 0.0000 0.0000 0.0000 0.0000 0.0000 0.0000 0.0000 0.0000 0.0036 0.9797 0.0000 0.0000 0.9938 0.0000 0.9959 0.0001 0.0000 0.9811 0.9749 0.3182 0.7085 0.9845 0.0000 0.0000 0.0000 0.9289 0.9951
0.5314 0.0002 0.0002 0.0000 0.0001 0.0000 0.0000 0.0000 0.0002 0.0000 0.0000 0.0000 0.0000 0.0000 0.0000 0.0000 0.0000 0.0000 0.0000 0.0037 0.9791 0.0000 0.0000 0.9929 0.0000 0.9967 0.0002 0.0000 0.9860 0.9742 0.2973 0.7348 0.9852 0.0000 0.0000 0.0001 0.9148 0.9943
0.5411 0.0001 0.0002 0.0000 0.0001 0.0000 0.0000 0.0000 0.0002 0.0000 0.0000 0.0000 0.0000 0.0000 0.0000 0.0000 0.0000 0.0000 0.0000 0.0037 0.9795 0.0000 0.0000 0.9935 0.0000 0.9961 0.0002 0.0000 0.9819 0.9745 0.3050 0.7159 0.9842 0.0000 0.0000 0.0000 0.9243 0.9948
0.5381 0.0001 0.0002 0.0000 0.0001 0.0000 0.0000 0.0000 0.0002 0.0000 0.0000 0.0000 0.0000 0.0000 0.0000 0.0000 0.0000 0.0000 0.0000 0.0035 0.9797 0.0000 0.0000 0.9935 0.0000 0.9963 0.0001 0.0000 0.9824 0.9760 0.3093 0.7183 0.9852 0.0000 0.0000 0.0001 0.9248 0.9950
0.5397 0.0001 0.0002 0.0000 0.0000 0.0000 0.0000 0.0000 0.0002 0.0000 0.0000 0.0000 0.0000 0.0000 0.0000 0.0000 0.0000 0.0000 0.0000 0.0033 0.9795 0.0000 0.0000 0.9940 0.0000 0.9957 0.0001 0.0000 0.9780 0.9754 0.3154 0.7046 0.9842 0.0000 0.0000 0.0000 0.9298 0.9951
0.5337 0.0001 0.0002 0.0000 0.0000 0.0000 0.0000 0.0000 0.0002 0.0000 0.0000 0.0000 0.0000 0.0000 0.0000 0.0000 0.0000 0.0000 0.0000 0.0035 0.9791 0.0000 0.0000 0.9938 0.0000 0.9960 0.0001 0.0000 0.9806 0.9747 0.3177 0.7140 0.9847 0.0000 0.0000 0.0000 0.9263 0.9948
0.5421 0.0001 0.0002 0.0000 0.0000 0.0000 0.0000 0.0000 0.0002 0.0000 0.0000 0.0000 0.0000 0.0000 0.0000 0.0000 0.0000 0.0000 0.0000 0.0036 0.9793 0.0000 0.0000 0.9935 0.0000 0.9962 0.0002 0.0000 0.9820 0.9750 0.3039 0.7166 0.9841 0.0000 0.0000 0.0000 0.9236 0.9948
0.5423 0.0002 0.0002 0.0000 0.0000 0.0000 0.0000 0.0000 0.0002 0.0000 0.0000 0.0000 0.0000 0.0000 0.0000 0.0000 0.0000 0.0000 0.0000 0.0037 0.9791 0.0000 0.0000 0.9937 0.0000 0.9962 0.0002 0.0000 0.9837 0.9739 0.3019 0.7189 0.9850 0.0000 0.0000 0.0000 0.9181 0.9945
0.5398 0.0001 0.0002 0.0000 0.0000 0.0000 0.0000 0.0000 0.0002 0.0000 0.0000 0.0000 0.0000 0.0000 0.0000 0.0000 0.0000 0.0000 0.0000 0.0034 0.9794 0.0000 0.0000 0.9938 0.0000 0.9961 0.0001 0.0000 0.9801 0.9760 0.3167 0.7136 0.9846 0.0000 0.0000 0.0000 0.9287 0.9950
0.5273 0.0002 0.0002 0.0000 0.0001 0.0000 0.0000 0.0000 0.0002 0.0000 0.0000 0.0000 0.0000 0.0000 0.0000 0.0000 0.0000 0.0000 0.0000 0.0037 0.9786 0.0000 0.0000 0.9931 0.0000 0.9966 0.0002 0.0000 0.9863 0.9733 0.2984 0.7354 0.9851 0.0000 0.0000 0.0001 0.9107 0.9940
0.5401 0.0002 0.0002 0.0000 0.0001 0.0000 0.0000 0.0000 0.0002 0.0000 0.0000 0.0000 0.0000 0.0000 0.0000 0.0000 0.0000 0.0000 0.0000 0.0038 0.9792 0.0000 0.0000 0.9935 0.0000 0.9965 0.0002 0.0000 0.9845 0.9737 0.3040 0.7280 0.9858 0.0000 0.0000 0.0001 0.9193 0.9944
0.5374 0.0001 0.0002 0.0000 0.0000 0.0000 0.0000 0.0000 0.0002 0.0000 0.0000 0.0000 0.0000 0.0000 0.0000 0.0000 0.0000 0.0000 0.0000 0.0036 0.9801 0.0000 0.0000 0.9937 0.0000 0.9963 0.0001 0.0000 0.9823 0.9752 0.3157 0.7207 0.9850 0.0000 0.0000 0.0001 0.9262 0.9950
0.5378 0.0002 0.0002 0.0000 0.0000 0.0000 0.0000 0.0000 0.0002 0.0000 0.0000 0.0000 0.0000 0.0000 0.0000 0.0000 0.0000 0.0000 0.0000 0.0037 0.9790 0.0000 0.0000 0.9937 0.0000 0.9963 0.0002 0.0000 0.9836 0.9737 0.3035 0.7190 0.9846 0.0000 0.0000 0.0000 0.9182 0.9945
0.5293 0.0002 0.0002 0.0000 0.0001 0.0000 0.0000 0.0000 0.0002 0.0000 0.0000 0.0000 0.0000 0.0000 0.0000 0.0000 0.0000 0.0000 0.0000 0.0037 0.9786 0.0000 0.0000 0.9934 0.0000 0.9964 0.0002 0.0000 0.9838 0.9731 0.3078 0.7273 0.9848 0.0000 0.0000 0.0001 0.9172 0.9943
0.5436 0.0001 0.0002 0.0000 0.0001 0.0000 0.0000 0.0000 0.0002 0.0000 0.0000 0.0000 0.0000 0.0000 0.0000 0.0000 0.0000 0.0000 0.0000 0.0035 0.9797 0.0000 0.0000 0.9937 0.0000 0.9959 0.0001 0.0000 0.9811 0.9751 0.3074 0.7138 0.9849 0.0000 0.0000 0.0001 0.9251 0.9950
0.5367 0.0002 0.0002 0.0000 0.0001 0.0000 0.0000 0.0000 0.0002 0.0000 0.0000 0.0000 0.0000 0.0000 0.0000 0.0000 0.0000 0.0000 0.0000 0.0037 0.9789 0.0000 0.0000 0.9934 0.0000 0.9963 0.0002 0.0000 0.9840 0.9742 0.3003 0.7190 0.9846 0.0000 0.0000 0.0001 0.9169 0.9945
0.5357 0.0001 0.0002 0.0000 0.0000 0.0000 0.0000 0.0000 0.0002 0.0000 0.0000 0.0000 0.0000 0.0000 0.0000 0.0000 0.0000 0.0000 0.0000 0.0037 0.9798 0.0000 0.0000 0.9937 0.0000 0.9962 0.0001 0.0000 0.9818 0.9746 0.3112 0.7116 0.9850 0.0000 0.0000 0.0000 0.9249 0.9948
0.5403 0.0001 0.0002 0.0000 0.0000 0.0000 0.0000 0.0000 0.0002 0.0000 0.0000 0.0000 0.0000 0.0000 0.0000 0.0000 0.0000 0.0000 0.0000 0.0035 0.9791 0.0000 0.0000 0.9938 0.0000 0.9961 0.0001 0.0000 0.9810 0.9756 0.3112 0.7154 0.9850 0.0000 0.0000 0.0001 0.9260 0.9949
0.5416 0.0001 0.0002 0.0000 0.0000 0.0000 0.0000 0.0000 0.0002 0.0000 0.0000 0.0000 0.0000 0.0000 0.0000 0.0000 0.0000 0.0000 0.0000 0.0035 0.9797 0.0000 0.0000 0.9937 0.0000 0.9962 0.0001 0.0000 0.9809 0.9759 0.3161 0.7153 0.9848 0.0000 0.0000 0.0001 0.9302 0.9951
0.5399 0.0002 0.0002 0.0000 0.0001 0.0000 0.0000 0.0000 0.0002 0.0000 0.0000 0.0000 0.0000 0.0000 0.0000 0.0000 0.0000 0.0000 0.0000 0.0036 0.9796 0.0000 0.0000 0.9934 0.0000 0.9963 0.0002 0.0000 0.9832 0.9758 0.3060 0.7225 0.9857 0.0000 0.0000 0.0001 0.9235 0.9949
0.5338 0.0002 0.0002 0.0000 0.0001 0.0000 0.0000 0.0000 0.0002 0.0000 0.0000 0.0000 0.0000 0.0000 0.0000 0.0000 0.0000 0.0000 0.0000 0.0036 0.9789 0.0000 0.0000 0.9933 0.0000 0.9966 0.0002 0.0000 0.9852 0.9745 0.2994 0.7366 0.9851 0.0000 0.0000 0.0001 0.9160 0.9944
0.5390 0.0001 0.0002 0.0000 0.0000 0.0000 0.0000 0.0000 0.0002 0.0000 0.0000 0.0000 0.0000 0.0000 0.0000 0.0000 0.0000 0.0000 0.0000 0.0037 0.9795 0.0000 0.0000 0.9936 0.0000 0.9960 0.0002 0.0000 0.9811 0.9743 0.3134 0.7141 0.9845 0.0000 0.0000 0.0000 0.9273 0.9948
0.5486 0.0001 0.0002 0.0000 0.0001 0.0000 0.0000 0.0000 0.0002 0.0000 0.0000 0.0000 0.0000 0.0000 0.0000 0.0000 0.0000 0.0000 0.0000 0.0035 0.9800 0.0000 0.0000 0.9935 0.0000 0.9964 0.0002 0.0000 0.9838 0.9756 0.2975 0.7272 0.9856 0.0000 0.0000 0.0001 0.9207 0.9948
0.5432 0.0001 0.0002 0.0000 0.0000 0.0000 0.0000 0.0000 0.0002 0.0000 0.0000 0.0000 0.0000 0.0000 0.0000 0.0000 0.0000 0.0000 0.0000 0.0036 0.9800 0.0000 0.0000 0.9938 0.0000 0.9960 0.0001 0.0000 0.9810 0.9755 0.3147 0.7132 0.9850 0.0000 0.0000 0.0001 0.9290 0.9952
0.5405 0.0002 0.0002 0.0000 0.0001 0.0000 0.0000 0.0000 0.0002 0.0000 0.0000 0.0000 0.0000 0.0000 0.0000 0.0000 0.0000 0.0000 0.0000 0.0037 0.9794 0.0000 0.0000 0.9934 0.0000 0.9965 0.0002 0.0000 0.9843 0.9750 0.3001 0.7275 0.9854 0.0000 0.0000 0.0001 0.9183 0.9945
0.5334 0.0001 0.0002 0.0000 0.0001 0.0000 0.0000 0.0000 0.0002 0.0000 0.0000 0.0000 0.0000 0.0000 0.0000 0.0000 0.0000 0.0000 0.0000 0.0036 0.9796 0.0000 0.0000 0.9933 0.0000 0.9963 0.0002 0.0000 0.9823 0.9748 0.3097 0.7172 0.9846 0.0000 0.0000 0.0001 0.9215 0.9947
0.5356 0.0001 0.0002 0.0000 0.0001 0.0000 0.0000 0.0000 0.0002 0.0000 0.0000 0.0000 0.0000 0.0000 0.0000 0.0000 0.0000 0.0000 0.0000 0.0035 0.9794 0.0000 0.0000 0.9936 0.0000 0.9962 0.0002 0.0000 0.9823 0.9753 0.3060 0.7192 0.9851 0.0000 0.0000 0.0001 0.9208 0.9947
0.5370 0.0001 0.0002 0.0000 0.0001 0.0000 0.0000 0.0000 0.0002 0.0000 0.0000 0.0000 0.0000 0.0000 0.0000 0.0000 0.0000 0.0000 0.0000 0.0034 0.9791 0.0000 0.0000 0.9936 0.0000 0.9963 0.0002 0.0000 0.9824 0.9749 0.3081 0.7294 0.9851 0.0000 0.0000 0.0001 0.9221 0.9946
0.5452 0.0001 0.0002 0.0000 0.0000 0.0000 0.0000 0.0000 0.0002 0.0000 0.0000 0.0000 0.0000 0.0000 0.0000 0.0000 0.0000 0.0000 0.0000 0.0039 0.9804 0.0000 0.0000 0.9936 0.0000 0.9963 0.0001 0.0000 0.9822 0.9753 0.3132 0.7115 0.9842 0.0000 0.0000 0.0000 0.9291 0.9952
0.5377 0.0002 0.0002 0.0000 0.0001 0.0000 0.0000 0.0000 0.0002 0.0000 0.0000 0.0000 0.0000 0.0000 0.0000 0.0000 0.0000 0.0000 0.0000 0.0037 0.9795 0.0000 0.0000 0.9935 0.0000 0.9964 0.0002 0.0000 0.9831 0.9742 0.3092 0.7235 0.9848 0.0000 0.0000 0.0001 0.9238 0.9947
0.5360 0.0002 0.0002 0.0000 0.0000 0.0000 0.0000 0.0000 0.0002 0.0000 0.0000 0.0000 0.0000 0.0000 0.0000 0.0000 0.0000 0.0000 0.0000 0.0038 0.9788 0.0000 0.0000 0.9935 0.0000 0.9963 0.0002 0.0000 0.9840 0.9733 0.3062 0.7178 0.9841 0.0000 0.0000 0.0000 0.9174 0.9944
0.5397 0.0001 0.0002 0.0000 0.0001 0.0000 0.0000 0.0000 0.0002 0.0000 0.0000 0.0000 0.0000 0.0000 0.0000 0.0000 0.0000 0.0000 0.0000 0.0036 0.9797 0.0000 0.0000 0.9935 0.0000 0.9963 0.0002 0.0000 0.9824 0.9752 0.3098 0.7199 0.9854 0.0000 0.0000 0.0001 0.9260 0.9948
0.5464 0.0001 0.0002 0.0000 0.0000 0.0000 0.0000 0.0000 0.0002 0.0000 0.0000 0.0000 0.0000 0.0000 0.0000 0.0000 0.0000 0.0000 0.0000 0.0036 0.9796 0.0000 0.0000 0.9936 0.0000 0.9960 0.0001 0.0000 0.9815 0.9753 0.3060 0.7082 0.9848 0.0000 0.0000 0.0000 0.9255 0.9950
0.5364 0.0001 0.0002 0.0000 0.0000 0.0000 0.0000 0.0000 0.0002 0.0000 0.0000 0.0000 0.0000 0.0000 0.0000 0.0000 0.0000 0.0000 0.0000 0.0035 0.9795 0.0000 0.0000 0.9941 0.0000 0.9956 0.0001 0.0000 0.9779 0.9741 0.3189 0.7042 0.9839 0.0000 0.0000 0.0000 0.9288 0.9950
0.5399 0.0001 0.0002 0.0000 0.0001 0.0000 0.0000 0.0000 0.0002 0.0000 0.0000 0.0000 0.0000 0.0000 0.0000 0.0000 0.0000 0.0000 0.0000 0.0036 0.9794 0.0000 0.0000 0.9935 0.0000 0.9962 0.0002 0.0000 0.9820 0.9752 0.3080 0.7152 0.9851 0.0000 0.0000 0.0001 0.9240 0.9948
0.5306 0.0001 0.0002 0.0000 0.0001 0.0000 0.0000 0.0000 0.0002 0.0000 0.0000 0.0000 0.0000 0.0000 0.0000 0.0000 0.0000 0.0000 0.0000 0.0036 0.9789 0.0000 0.0000 0.9935 0.0000 0.9962 0.0002 0.0000 0.9832 0.9739 0.3078 0.7227 0.9843 0.0000 0.0000 0.0001 0.9186 0.9945
0.5419 0.0002 0.0002 0.0000 0.0001 0.0000 0.0000 0.0000 0.0002 0.0000 0.0000 0.0000 0.0000 0.0000 0.0000 0.0000 0.0000 0.0000 0.0000 0.0038 0.9800 0.0000 0.0000 0.9934 0.0000 0.9964 0.0002 0.0000 0.9842 0.9749 0.3057 0.7192 0.9851 0.0000 0.0000 0.0000 0.9225 0.9948
0.5399 0.0001 0.0002 0.0000 0.0000 0.0000 0.0000 0.0000 0.0002 0.0000 0.0000 0.0000 0.0000 0.0000 0.0000 0.0000 0.0000 0.0000 0.0000 0.0038 0.9800 0.0000 0.0000 0.9936 0.0000 0.9962 0.0002 0.0000 0.9828 0.9741 0.3084 0.7113 0.9840 0.0000 0.0000 0.0000 0.9225 0.9949
0.5373 0.0001 0.0002 0.0000 0.0001 0.0000 0.0000 0.0000 0.0002 0.0000 0.0000 0.0000 0.0000 0.0000 0.0000 0.0000 0.0000 0.0000 0.0000 0.0036 0.9803 0.0000 0.0000 0.9935 0.0000 0.9963 0.0001 0.0000 0.9828 0.9753 0.3109 0.7149 0.9850 0.0000 0.0000 0.0001 0.9246 0.9950
0.5343 0.0001 0.0002 0.0000 0.0001 0.0000 0.0000 0.0000 0.0002 0.0000 0.0000 0.0000 0.0000 0.0000 0.0000 0.0000 0.0000 0.0000 0.0000 0.0034 0.9796 0.0000 0.0000 0.9937 0.0000 0.9962 0.0001 0.0000 0.9815 0.9760 0.3081 0.7186 0.9857 0.0000 0.0000 0.0001 0.9224 0.9949
0.5404 0.0001 0.0002 0.0000 0.0000 0.0000 0.0000 0.0000 0.0002 0.0000 0.0000 0.0000 0.0000 0.0000 0.0000 0.0000 0.0000 0.0000 0.0000 0.0035 0.9796 0.0000 0.0000 0.9938 0.0000 0.9960 0.0001 0.0000 0.9814 0.9754 0.3096 0.7156 0.9851 0.0000 0.0000 0.0001 0.9253 0.9950
0.5449 0.0001 0.0002 0.0000 0.0000 0.0000 0.0000 0.0000 0.0002 0.0000 0.0000 0.0000 0.0000 0.0000 0.0000 0.0000 0.0000 0.0000 0.0000 0.0035 0.9794 0.0000 0.0000 0.9939 0.0000 0.9956 0.0001 0.0000 0.9802 0.9744 0.3122 0.7070 0.9845 0.0000 0.0000 0.0000 0.9274 0.9950
0.5406 0.0001 0.0002 0.0000 0.0001 0.0000 0.0000 0.0000 0.0002 0.0000 0.0000 0.0000 0.0000 0.0000 0.0000 0.0000 0.0000 0.0000 0.0000 0.0035 0.9796 0.0000 0.0000 0.9937 0.0000 0.9961 0.0002 0.0000 0.9821 0.9751 0.3075 0.7223 0.9852 0.0000 0.0000 0.0001 0.9246 0.9949
0.5388 0.0001 0.0002 0.0000 0.0001 0.0000 0.0000 0.0000 0.0002 0.0000 0.0000 0.0000 0.0000 0.0000 0.0000 0.0000 0.0000 0.0000 0.0000 0.0035 0.9787 0.0000 0.0000 0.9935 0.0000 0.9963 0.0002 0.0000 0.9840 0.9742 0.2940 0.7280 0.9843 0.0000 0.0000 0.0001 0.9147 0.9943
0.5374 0.0001 0.0002 0.0000 0.0000 0.0000 0.0000 0.0000 0.0002 0.0000 0.0000 0.0000 0.0000 0.0000 0.0000 0.0000 0.0000 0.0000 0.0000 0.0034 0.9794 0.0000 0.0000 0.9941 0.0000 0.9955 0.0001 0.0000 0.9774 0.9751 0.3245 0.7014 0.9836 0.0000 0.0000 0.0000 0.9332 0.9952
0.5431 0.0002 0.0002 0.0000 0.0001 0.0000 0.0000 0.0000 0.0002 0.0000 0.0000 0.0000 0.0000 0.0000 0.0000 0.0000 0.0000 0.0000 0.0000 0.0038 0.9797 0.0000 0.0000 0.9934 0.0000 0.9966 0.0002 0.0000 0.9849 0.9743 0.3033 0.7277 0.9853 0.0000 0.0000 0.0001 0.9208 0.9946
0.5439 0.0002 0.0002 0.0000 0.0000 0.0000 0.0000 0.0000 0.0002 0.0000 0.0000 0.0000 0.0000 0.0000 0.0000 0.0000 0.0000 0.0000 0.0000 0.0038 0.9793 0.0000 0.0000 0.9936 0.0000 0.9962 0.0002 0.0000 0.9829 0.9744 0.3076 0.7130 0.9844 0.0000 0.0000 0.0000 0.9243 0.9947
0.5353 0.0002 0.0002 0.0000 0.0001 0.0000 0.0000 0.0000 0.0002 0.0000 0.0000 0.0000 0.0000 0.0000 0.0000 0.0000 0.0000 0.0000 0.0000 0.0037 0.9794 0.0000 0.0000 0.9933 0.0000 0.9965 0.0002 0.0000 0.9850 0.9744 0.3044 0.7282 0.9853 0.0000 0.0000 0.0001 0.9176 0.9945
0.5258 0.0001 0.0002 0.0000 0.0001 0.0000 0.0000 0.0000 0.0002 0.0000 0.0000 0.0000 0.0000 0.0000 0.0000 0.0000 0.0000 0.0000 0.0000 0.0035 0.9789 0.0000 0.0000 0.9936 0.0000 0.9962 0.0002 0.0000 0.9818 0.9743 0.3139 0.7201 0.9846 0.0000 0.0000 0.0001 0.9223 0.9946
0.5357 0.0001 0.0002 0.0000 0.0001 0.0000 0.0000 0.0000 0.0002 0.0000 0.0000 0.0000 0.0000 0.0000 0.0000 0.0000 0.0000 0.0000 0.0000 0.0038 0.9792 0.0000 0.0000 0.9934 0.0000 0.9963 0.0002 0.0000 0.9828 0.9740 0.3089 0.7172 0.9839 0.0000 0.0000 0.0000 0.9206 0.9946
0.5379 0.0001 0.0002 0.0000 0.0000 0.0000 0.0000 0.0000 0.0002 0.0000 0.0000 0.0000 0.0000 0.0000 0.0000 0.0000 0.0000 0.0000 0.0000 0.0035 0.9797 0.0000 0.0000 0.9937 0.0000 0.9959 0.0001 0.0000 0.9803 0.9752 0.3137 0.7078 0.9846 0.0000 0.0000 0.0001 0.9280 0.9950
0.5451 0.0001 0.0002 0.0000 0.0000 0.0000 0.0000 0.0000 0.0002 0.0000 0.0000 0.0000 0.0000 0.0000 0.0000 0.0000 0.0000 0.0000 0.0000 0.0037 0.9799 0.0000 0.0000 0.9938 0.0000 0.9960 0.0001 0.0000 0.9814 0.9742 0.3118 0.7104 0.9847 0.0000 0.0000 0.0000 0.9266 0.9949
0.5356 0.0001 0.0002 0.0000 0.0001 0.0000 0.0000 0.0000 0.0002 0.0000 0.0000 0.0000 0.0000 0.0000 0.0000 0.0000 0.0000 0.0000 0.0000 0.0035 0.9789 0.0000 0.0000 0.9937 0.0000 0.9962 0.0002 0.0000 0.9816 0.9749 0.3121 0.7213 0.9851 0.0000 0.0000 0.0001 0.9238 0.9946
0.5472 0.0001 0.0002 0.0000 0.0000 0.0000 0.0000 0.0000 0.0002 0.0000 0.0000 0.0000 0.0000 0.0000 0.0000 0.0000 0.0000 0.0000 0.0000 0.0036 0.9800 0.0000 0.0000 0.9937 0.0000 0.9961 0.0002 0.0000 0.9820 0.9750 0.3051 0.7178 0.9845 0.0000 0.0000 0.0000 0.9246 0.9949
0.5371 0.0002 0.0002 0.0000 0.0001 0.0000 0.0000 0.0000 0.0002 0.0000 0.0000 0.0000 0.0000 0.0000 0.0000 0.0000 0.0000 0.0000 0.0000 0.0038 0.9792 0.0000 0.0000 0.9932 0.0000 0.9967 0.0002 0.0000 0.9864 0.9737 0.2933 0.7348 0.9855 0.0000 0.0000 0.0001 0.9125 0.9942
0.5354 0.0001 0.0002 0.0000 0.0001 0.0000 0.0000 0.0000 0.0002 0.0000 0.0000 0.0000 0.0000 0.0000 0.0000 0.0000 0.0000 0.0000 0.0000 0.0035 0.9800 0.0000 0.0000 0.9934 0.0000 0.9965 0.0002 0.0000 0.9834 0.9757 0.3095 0.7278 0.9855 0.0000 0.0000 0.0001 0.9232 0.9949
0.5404 0.0001 0.0002 0.0000 0.0000 0.0000 0.0000 0.0000 0.0002 0.0000 0.0000 0.0000 0.0000 0.0000 0.0000 0.0000 0.0000 0.0000 0.0000 0.0034 0.9797 0.0000 0.0000 0.9939 0.0000 0.9957 0.0001 0.0000 0.9792 0.9752 0.3154 0.7079 0.9839 0.0000 0.0000 0.0000 0.9294 0.9951
0.5417 0.0001 0.0002 0.0000 0.0001 0.0000 0.0000 0.0000 0.0002 0.0000 0.0000 0.0000 0.0000 0.0000 0.0000 0.0000 0.0000 0.0000 0.0000 0.0036 0.9796 0.0000 0.0000 0.9935 0.0000 0.9960 0.0002 0.0000 0.9816 0.9755 0.3063 0.7133 0.9847 0.0000 0.0000 0.0001 0.9256 0.9949
0.5420 0.0002 0.0002 0.0000 0.0001 0.0000 0.0000 0.0000 0.0002 0.0000 0.0000 0.0000 0.0000 0.0000 0.0000 0.0000 0.0000 0.0000 0.0000 0.0035 0.9798 0.0000 0.0000 0.9934 0.0000 0.9965 0.0002 0.0000 0.9832 0.9758 0.3039 0.7273 0.9856 0.0000 0.0000 0.0001 0.9234 0.9948
0.5379 0.0001 0.0002 0.0000 0.0001 0.0000 0.0000 0.0000 0.0002 0.0000 0.0000 0.0000 0.0000 0.0000 0.0000 0.0000 0.0000 0.0000 0.0000 0.0036 0.9797 0.0000 0.0000 0.9935 0.0000 0.9961 0.0002 0.0000 0.9825 0.9741 0.3084 0.7181 0.9845 0.0000 0.0000 0.0001 0.9232 0.9948
0.5398 0.0001 0.0002 0.0000 0.0000 0.0000 0.0000 0.0000 0.0002 0.0000 0.0000 0.0000 0.0000 0.0000 0.0000 0.0000 0.0000 0.0000 0.0000 0.0037 0.9794 0.0000 0.0000 0.9938 0.0000 0.9959 0.0002 0.0000 0.9812 0.9741 0.3142 0.7118 0.9842 0.0000 0.0000 0.0000 0.9244 0.9948
0.5354 0.0001 0.0002 0.0000 0.0001 0.0000 0.0000 0.0000 0.0002 0.0000 0.0000 0.0000 0.0000 0.0000 0.0000 0.0000 0.0000 0.0000 0.0000 0.0036 0.9795 0.0000 0.0000 0.9935 0.0000 0.9965 0.0002 0.0000 0.9835 0.9749 0.3071 0.7270 0.9856 0.0000 0.0000 0.0001 0.9209 0.9946
0.5391 0.0001 0.0002 0.0000 0.0001 0.0000 0.0000 0.0000 0.0002 0.0000 0.0000 0.0000 0.0000 0.0000 0.0000 0.0000 0.0000 0.0000 0.0000 0.0035 0.9797 0.0000 0.0000 0.9936 0.0000 0.9963 0.0002 0.0000 0.9829 0.9753 0.3020 0.7259 0.9854 0.0000 0.0000 0.0001 0.9205 0.9948
0.5438 0.0002 0.0002 0.0000 0.0001 0.0000 0.0000 0.0000 0.0002 0.0000 0.0000 0.0000 0.0000 0.0000 0.0000 0.0000 0.0000 0.0000 0.0000 0.0037 0.9797 0.0000 0.0000 0.9935 0.0000 0.9963 0.0002 0.0000 0.9833 0.9749 0.3059 0.7177 0.9847 0.0000 0.0000 0.0001 0.9219 0.9948
0.5395 0.0002 0.0002 0.0000 0.0000 0.0000 0.0000 0.0000 0.0002 0.0000 0.0000 0.0000 0.0000 0.0000 0.0000 0.0000 0.0000 0.0000 0.0000 0.0037 0.9795 0.0000 0.0000 0.9936 0.0000 0.9963 0.0002 0.0000 0.9833 0.9744 0.3069 0.7129 0.9847 0.0000 0.0000 0.0000 0.9220 0.9947
0.5419 0.0001 0.0002 0.0000 0.0001 0.0000 0.0000 0.0000 0.0002 0.0000 0.0000 0.0000 0.0000 0.0000 0.0000 0.0000 0.0000 0.0000 0.0000 0.0037 0.9796 0.0000 0.0000 0.9936 0.0000 0.9964 0.0002 0.0000 0.9830 0.9754 0.3086 0.7191 0.9850 0.0000 0.0000 0.0001 0.9235 0.9949
0.5327 0.0001 0.0002 0.0000 0.0000 0.0000 0.0000 0.0000 0.0002 0.0000 0.0000 0.0000 0.0000 0.0000 0.0000 0.0000 0.0000 0.0000 0.0000 0.0035 0.9789 0.0000 0.0000 0.9936 0.0000 0.9961 0.0002 0.0000 0.9808 0.9739 0.3186 0.7150 0.9840 0.0000 0.0000 0.0000 0.9276 0.9947
0.5415 0.0001 0.0002 0.0000 0.0001 0.0000 0.0000 0.0000 0.0002 0.0000 0.0000 0.0000 0.0000 0.0000 0.0000 0.0000 0.0000 0.0000 0.0000 0.0036 0.9803 0.0000 0.0000 0.9937 0.0000 0.9962 0.0002 0.0000 0.9820 0.9750 0.3119 0.7209 0.9852 0.0000 0.0000 0.0001 0.9271 0.9949
