0.6282 0.0869 0.0127 0.0050 0.0007 0.0011 0.1969 0.0009 0.8965 0.0097 0.0202 0.0074 0.0079 0.0151 0.0038 0.0623 0.0002 0.0045 0.0503 0.0513 0.0226 0.0245 0.0109 0.0062 0.0169 0.9345 0.0197 0.0112 0.9702 0.0382 0.9566 0.0928 0.5029 0.4890 0.1591 0.0588 0.0757 0.0007
0.6406 0.0906 0.0125 0.0058 0.0007 0.0013 0.2338 0.0009 0.8792 0.0114 0.0224 0.0071 0.0072 0.0153 0.0035 0.0634 0.0002 0.0051 0.0484 0.0555 0.0260 0.0269 0.0106 0.0064 0.0213 0.9355 0.0198 0.0128 0.9676 0.0405 0.9599 0.0991 0.5145 0.5124 0.1787 0.0598 0.0789 0.0007
0.6436 0.0999 0.0134 0.0062 0.0011 0.0018 0.2697 0.0012 0.8853 0.0126 0.0228 0.0083 0.0095 0.0167 0.0039 0.0642 0.0003 0.0055 0.0443 0.0530 0.0248 0.0269 0.0114 0.0071 0.0227 0.9319 0.0214 0.0127 0.9644 0.0389 0.9572 0.1001 0.5022 0.4946 0.1808 0.0599 0.0723 0.0008
0.6531 0.0894 0.0119 0.0059 0.0007 0.0012 0.2333 0.0009 0.8993 0.0106 0.0225 0.0072 0.0080 0.0144 0.0036 0.0548 0.0002 0.0050 0.0468 0.0530 0.0260 0.0274 0.0100 0.0068 0.0188 0.9315 0.0204 0.0115 0.9714 0.0358 0.9603 0.0955 0.5223 0.5306 0.1826 0.0563 0.0761 0.0007
0.6268 0.0834 0.0106 0.0042 0.0005 0.0007 0.1924 0.0007 0.9109 0.0096 0.0180 0.0054 0.0052 0.0108 0.0031 0.0559 0.0001 0.0034 0.0478 0.0490 0.0197 0.0233 0.0102 0.0052 0.0117 0.9498 0.0198 0.0092 0.9698 0.0415 0.9591 0.0926 0.5122 0.4812 0.1448 0.0521 0.0715 0.0006
0.6362 0.0963 0.0134 0.0056 0.0007 0.0011 0.2489 0.0009 0.9025 0.0100 0.0230 0.0070 0.0072 0.0137 0.0033 0.0520 0.0002 0.0041 0.0442 0.0523 0.0170 0.0241 0.0108 0.0069 0.0137 0.9333 0.0195 0.0101 0.9660 0.0363 0.9550 0.1030 0.4863 0.5077 0.1649 0.0497 0.0658 0.0006
0.6074 0.0774 0.0122 0.0040 0.0004 0.0006 0.2044 0.0006 0.9199 0.0094 0.0180 0.0053 0.0050 0.0116 0.0029 0.0500 0.0001 0.0032 0.0479 0.0441 0.0159 0.0212 0.0110 0.0051 0.0104 0.9552 0.0183 0.0090 0.9636 0.0408 0.9524 0.0879 0.5116 0.4463 0.1410 0.0513 0.0668 0.0006
0.6324 0.0919 0.0121 0.0057 0.0006 0.0008 0.2085 0.0009 0.9135 0.0102 0.0203 0.0071 0.0063 0.0149 0.0035 0.0447 0.0002 0.0037 0.0413 0.0426 0.0196 0.0254 0.0110 0.0063 0.0148 0.9355 0.0202 0.0102 0.9654 0.0385 0.9537 0.0962 0.4717 0.4583 0.1591 0.0503 0.0727 0.0007
0.6601 0.1026 0.0130 0.0069 0.0009 0.0017 0.2519 0.0011 0.8955 0.0123 0.0243 0.0089 0.0087 0.0177 0.0039 0.0492 0.0003 0.0046 0.0391 0.0456 0.0234 0.0314 0.0110 0.0086 0.0186 0.9228 0.0209 0.0139 0.9643 0.0375 0.9558 0.0945 0.4919 0.4774 0.2024 0.0558 0.0790 0.0009
0.6446 0.1418 0.0228 0.0284 0.0104 0.0277 0.2712 0.0099 0.7725 0.0305 0.0455 0.0301 0.0269 0.0659 0.0093 0.1072 0.0075 0.0219 0.0653 0.1138 0.0670 0.0531 0.0147 0.0291 0.1013 0.8221 0.0413 0.0407 0.9697 0.0396 0.9595 0.1386 0.4951 0.5588 0.2600 0.0941 0.1062 0.0029
0.6570 0.1393 0.0188 0.0227 0.0085 0.0188 0.3167 0.0076 0.7667 0.0290 0.0486 0.0309 0.0296 0.0503 0.0093 0.1113 0.0051 0.0207 0.0551 0.0908 0.0745 0.0633 0.0136 0.0285 0.0989 0.8186 0.0364 0.0309 0.9728 0.0419 0.9609 0.1310 0.5149 0.5923 0.2715 0.0889 0.1241 0.0028
0.6332 0.0875 0.0163 0.0076 0.0015 0.0020 0.2588 0.0015 0.8878 0.0135 0.0235 0.0107 0.0092 0.0201 0.0047 0.0682 0.0004 0.0068 0.0485 0.0574 0.0271 0.0344 0.0118 0.0078 0.0231 0.9323 0.0222 0.0131 0.9666 0.0448 0.9611 0.1011 0.5130 0.5201 0.1778 0.0662 0.0815 0.0009
0.6572 0.1378 0.0214 0.0273 0.0126 0.0254 0.3199 0.0112 0.7890 0.0260 0.0417 0.0354 0.0331 0.0630 0.0098 0.0952 0.0131 0.0226 0.0576 0.0921 0.0541 0.0564 0.0152 0.0355 0.0936 0.8344 0.0371 0.0358 0.9736 0.0374 0.9622 0.1268 0.5329 0.5922 0.2615 0.0908 0.1126 0.0029
0.6735 0.1364 0.0346 0.0559 0.0463 0.0640 0.2797 0.0288 0.7642 0.0491 0.0575 0.0637 0.0563 0.0912 0.0221 0.1395 0.0335 0.0554 0.0606 0.0983 0.0987 0.0907 0.0205 0.0657 0.1433 0.8097 0.0649 0.0597 0.9735 0.0414 0.9638 0.1488 0.5063 0.5567 0.2586 0.1331 0.1504 0.0079
0.6354 0.0859 0.0113 0.0046 0.0005 0.0008 0.2037 0.0007 0.9139 0.0093 0.0183 0.0061 0.0061 0.0119 0.0034 0.0568 0.0001 0.0039 0.0456 0.0469 0.0195 0.0255 0.0100 0.0058 0.0149 0.9423 0.0188 0.0098 0.9696 0.0409 0.9609 0.0924 0.4948 0.4896 0.1539 0.0554 0.0718 0.0006
0.6254 0.0973 0.0125 0.0047 0.0007 0.0010 0.2182 0.0009 0.9032 0.0105 0.0215 0.0074 0.0071 0.0143 0.0039 0.0561 0.0002 0.0043 0.0505 0.0460 0.0210 0.0254 0.0108 0.0062 0.0163 0.9345 0.0199 0.0112 0.9657 0.0411 0.9563 0.0926 0.5009 0.4879 0.1703 0.0569 0.0729 0.0007
0.6473 0.1112 0.0120 0.0060 0.0010 0.0019 0.2313 0.0011 0.8796 0.0119 0.0256 0.0086 0.0100 0.0172 0.0041 0.0613 0.0002 0.0051 0.0448 0.0526 0.0246 0.0303 0.0105 0.0089 0.0222 0.9185 0.0208 0.0140 0.9683 0.0401 0.9605 0.0921 0.5093 0.5130 0.1940 0.0607 0.0757 0.0009
