0.0027 0.9429 0.9575 0.0007 0.0003 0.0001 0.9679 0.0002 0.0002 0.9347 0.0003 0.0001 0.0003 0.0003 0.0004 0.0003 0.0003 0.0002 0.0001 0.2742 0.1516 0.0104 0.0169 0.0824 0.1032 0.9859 0.0038 0.0452 0.5364 0.4898 0.0001 0.0002 0.0071 0.0001 0.0243 0.1072 0.0465 0.0805
0.0028 0.9266 0.9573 0.0009 0.0006 0.0001 0.9581 0.0005 0.0005 0.9330 0.0005 0.0002 0.0007 0.0005 0.0008 0.0005 0.0007 0.0004 0.0002 0.2705 0.1301 0.0098 0.0194 0.0662 0.0914 0.9854 0.0045 0.0498 0.4785 0.4141 0.0002 0.0005 0.0078 0.0003 0.0309 0.1177 0.0524 0.0950
0.0060 0.9411 0.9537 0.0009 0.0004 0.0001 0.9633 0.0002 0.0004 0.9246 0.0004 0.0001 0.0004 0.0003 0.0005 0.0004 0.0005 0.0002 0.0001 0.2821 0.1467 0.0132 0.0263 0.0916 0.1241 0.9733 0.0042 0.0691 0.5578 0.5072 0.0002 0.0003 0.0115 0.0002 0.0227 0.0963 0.0474 0.1011
0.0093 0.9434 0.9501 0.0007 0.0004 0.0001 0.9492 0.0002 0.0004 0.9226 0.0004 0.0001 0.0004 0.0003 0.0005 0.0005 0.0004 0.0003 0.0002 0.2321 0.1471 0.0157 0.0388 0.1043 0.1319 0.9565 0.0046 0.0984 0.6327 0.5704 0.0002 0.0004 0.0164 0.0002 0.0287 0.0887 0.0495 0.0982
0.0051 0.9394 0.9530 0.0008 0.0004 0.0001 0.9592 0.0002 0.0004 0.9279 0.0004 0.0001 0.0004 0.0003 0.0005 0.0005 0.0003 0.0002 0.0001 0.2734 0.1365 0.0133 0.0228 0.0830 0.0904 0.9750 0.0042 0.0676 0.5704 0.5021 0.0002 0.0003 0.0121 0.0002 0.0282 0.0964 0.0495 0.0860
0.0042 0.9367 0.9512 0.0009 0.0004 0.0001 0.9632 0.0004 0.0004 0.9192 0.0004 0.0002 0.0005 0.0004 0.0007 0.0005 0.0006 0.0003 0.0001 0.2713 0.1357 0.0117 0.0208 0.0888 0.1179 0.9768 0.0049 0.0528 0.5260 0.4848 0.0002 0.0004 0.0094 0.0002 0.0261 0.1170 0.0488 0.1059
0.0074 0.9560 0.9454 0.0005 0.0004 0.0001 0.9580 0.0002 0.0003 0.9135 0.0003 0.0001 0.0003 0.0003 0.0004 0.0004 0.0003 0.0002 0.0001 0.2076 0.1465 0.0142 0.0321 0.1261 0.1828 0.9656 0.0040 0.1003 0.7882 0.7866 0.0002 0.0003 0.0140 0.0002 0.0282 0.0619 0.0438 0.0613
0.0061 0.9482 0.9477 0.0015 0.0059 0.0017 0.9499 0.0041 0.0033 0.9376 0.0022 0.0013 0.0051 0.0038 0.0043 0.0027 0.0030 0.0020 0.0020 0.2809 0.1720 0.0170 0.0272 0.0850 0.1165 0.9692 0.0080 0.0608 0.6176 0.5981 0.0025 0.0027 0.0103 0.0051 0.0285 0.0863 0.0618 0.0845
0.0051 0.9079 0.9397 0.0015 0.0016 0.0010 0.9553 0.0038 0.0014 0.9176 0.0011 0.0006 0.0017 0.0023 0.0028 0.0009 0.0022 0.0011 0.0004 0.2879 0.1407 0.0112 0.0206 0.0688 0.0861 0.9809 0.0090 0.0492 0.4333 0.3960 0.0006 0.0015 0.0089 0.0013 0.0300 0.1672 0.0669 0.1344
0.0095 0.9159 0.9407 0.0014 0.0010 0.0003 0.9492 0.0012 0.0009 0.9076 0.0010 0.0004 0.0012 0.0009 0.0014 0.0010 0.0015 0.0007 0.0004 0.2892 0.1226 0.0181 0.0376 0.0845 0.1081 0.9580 0.0069 0.0869 0.4351 0.3800 0.0005 0.0009 0.0163 0.0006 0.0320 0.1592 0.0577 0.1345
0.0066 0.9492 0.9519 0.0006 0.0003 0.0000 0.9670 0.0001 0.0003 0.9224 0.0003 0.0001 0.0003 0.0002 0.0003 0.0004 0.0003 0.0001 0.0002 0.2399 0.1484 0.0154 0.0278 0.0998 0.1680 0.9632 0.0039 0.0826 0.6822 0.6590 0.0001 0.0002 0.0133 0.0001 0.0283 0.0791 0.0455 0.0793
0.0045 0.9483 0.9597 0.0006 0.0003 0.0000 0.9637 0.0001 0.0002 0.9259 0.0003 0.0001 0.0002 0.0002 0.0003 0.0003 0.0002 0.0002 0.0001 0.2565 0.1496 0.0126 0.0223 0.0860 0.1383 0.9735 0.0037 0.0647 0.6252 0.5687 0.0001 0.0002 0.0112 0.0001 0.0249 0.0796 0.0440 0.0785
0.0125 0.9436 0.9460 0.0009 0.0008 0.0001 0.9543 0.0004 0.0009 0.9188 0.0008 0.0002 0.0007 0.0004 0.0007 0.0011 0.0006 0.0003 0.0006 0.2563 0.1476 0.0218 0.0389 0.1017 0.1503 0.9514 0.0048 0.1001 0.6916 0.6373 0.0007 0.0006 0.0196 0.0003 0.0323 0.0753 0.0537 0.0796
0.0048 0.9353 0.9526 0.0008 0.0007 0.0003 0.9600 0.0012 0.0005 0.9312 0.0005 0.0002 0.0006 0.0006 0.0010 0.0005 0.0007 0.0005 0.0002 0.2563 0.1482 0.0114 0.0251 0.0852 0.1253 0.9776 0.0053 0.0615 0.5898 0.5598 0.0003 0.0006 0.0104 0.0005 0.0281 0.1098 0.0478 0.0857
0.0027 0.9582 0.9595 0.0006 0.0002 0.0000 0.9693 0.0001 0.0002 0.9406 0.0002 0.0001 0.0002 0.0002 0.0002 0.0003 0.0002 0.0001 0.0001 0.2842 0.1642 0.0100 0.0151 0.0738 0.1081 0.9864 0.0033 0.0508 0.5934 0.5517 0.0001 0.0001 0.0070 0.0001 0.0174 0.0759 0.0483 0.0803
0.0049 0.9257 0.9505 0.0011 0.0013 0.0009 0.9627 0.0027 0.0013 0.9227 0.0007 0.0005 0.0013 0.0014 0.0022 0.0007 0.0015 0.0007 0.0004 0.2784 0.1536 0.0115 0.0199 0.0790 0.1354 0.9775 0.0065 0.0547 0.6077 0.5968 0.0004 0.0009 0.0094 0.0010 0.0273 0.1210 0.0544 0.0971
0.0034 0.9345 0.9566 0.0011 0.0009 0.0003 0.9615 0.0011 0.0006 0.9245 0.0006 0.0003 0.0008 0.0009 0.0011 0.0006 0.0009 0.0005 0.0002 0.3014 0.1353 0.0106 0.0180 0.0752 0.1020 0.9811 0.0053 0.0472 0.4802 0.4247 0.0002 0.0008 0.0079 0.0006 0.0256 0.1270 0.0503 0.1112
0.0028 0.9573 0.9595 0.0006 0.0002 0.0000 0.9705 0.0001 0.0002 0.9339 0.0002 0.0001 0.0002 0.0002 0.0003 0.0003 0.0002 0.0002 0.0001 0.2592 0.1614 0.0110 0.0154 0.0831 0.1252 0.9823 0.0031 0.0476 0.6049 0.5668 0.0001 0.0001 0.0078 0.0001 0.0203 0.0840 0.0478 0.0750
0.0042 0.9429 0.9540 0.0007 0.0004 0.0001 0.9662 0.0005 0.0003 0.9296 0.0003 0.0001 0.0004 0.0003 0.0006 0.0003 0.0005 0.0003 0.0001 0.2540 0.1492 0.0110 0.0217 0.0861 0.1407 0.9747 0.0043 0.0605 0.6081 0.5888 0.0001 0.0004 0.0098 0.0002 0.0256 0.0952 0.0473 0.0872
0.0212 0.9298 0.9449 0.0016 0.0017 0.0004 0.9450 0.0008 0.0026 0.9064 0.0013 0.0006 0.0012 0.0011 0.0014 0.0015 0.0011 0.0005 0.0012 0.2841 0.1528 0.0343 0.0510 0.1146 0.1553 0.9070 0.0077 0.1304 0.5761 0.5364 0.0010 0.0014 0.0307 0.0010 0.0418 0.1042 0.0506 0.1200
0.0076 0.9449 0.9477 0.0009 0.0007 0.0001 0.9575 0.0006 0.0006 0.9143 0.0005 0.0002 0.0006 0.0006 0.0010 0.0006 0.0008 0.0004 0.0003 0.2391 0.1459 0.0169 0.0334 0.0951 0.1446 0.9612 0.0054 0.0846 0.6545 0.6351 0.0003 0.0006 0.0146 0.0004 0.0322 0.0953 0.0507 0.0981
0.0056 0.9352 0.9473 0.0008 0.0005 0.0001 0.9593 0.0005 0.0005 0.9223 0.0005 0.0002 0.0005 0.0004 0.0007 0.0005 0.0006 0.0003 0.0002 0.2528 0.1378 0.0137 0.0291 0.0883 0.1212 0.9719 0.0048 0.0745 0.5727 0.5235 0.0002 0.0004 0.0119 0.0003 0.0285 0.1040 0.0548 0.0928
0.0118 0.9484 0.9465 0.0009 0.0006 0.0001 0.9605 0.0004 0.0006 0.9128 0.0005 0.0002 0.0006 0.0004 0.0006 0.0008 0.0005 0.0002 0.0004 0.2551 0.1603 0.0228 0.0396 0.1124 0.1857 0.9400 0.0049 0.1120 0.7019 0.7046 0.0004 0.0005 0.0197 0.0003 0.0279 0.0709 0.0495 0.0951
0.0040 0.9467 0.9637 0.0006 0.0002 0.0000 0.9681 0.0002 0.0002 0.9344 0.0002 0.0001 0.0002 0.0002 0.0003 0.0003 0.0003 0.0002 0.0001 0.2480 0.1597 0.0105 0.0175 0.0868 0.1575 0.9758 0.0034 0.0610 0.6697 0.6550 0.0001 0.0002 0.0098 0.0001 0.0199 0.0665 0.0454 0.0777
0.0038 0.9388 0.9515 0.0008 0.0004 0.0001 0.9638 0.0005 0.0004 0.9306 0.0004 0.0002 0.0005 0.0005 0.0007 0.0004 0.0007 0.0004 0.0001 0.2692 0.1431 0.0109 0.0194 0.0702 0.1160 0.9813 0.0048 0.0554 0.5415 0.5138 0.0002 0.0004 0.0085 0.0002 0.0235 0.1109 0.0521 0.1003
0.0042 0.9365 0.9537 0.0007 0.0005 0.0002 0.9625 0.0006 0.0004 0.9195 0.0004 0.0002 0.0005 0.0005 0.0008 0.0004 0.0008 0.0003 0.0001 0.2795 0.1535 0.0123 0.0195 0.0890 0.1261 0.9780 0.0051 0.0551 0.5878 0.5643 0.0002 0.0004 0.0097 0.0003 0.0251 0.0982 0.0513 0.0920
0.0091 0.9508 0.9437 0.0008 0.0005 0.0001 0.9596 0.0002 0.0005 0.9133 0.0004 0.0001 0.0004 0.0003 0.0004 0.0007 0.0004 0.0002 0.0003 0.2296 0.1415 0.0194 0.0375 0.1079 0.1606 0.9522 0.0040 0.1090 0.6866 0.6561 0.0003 0.0004 0.0160 0.0002 0.0314 0.0801 0.0479 0.0887
0.0052 0.9530 0.9579 0.0005 0.0003 0.0001 0.9654 0.0002 0.0003 0.9330 0.0003 0.0001 0.0003 0.0002 0.0004 0.0004 0.0003 0.0002 0.0001 0.2554 0.1675 0.0129 0.0237 0.0854 0.1393 0.9744 0.0035 0.0728 0.6725 0.6523 0.0001 0.0002 0.0101 0.0002 0.0244 0.0688 0.0498 0.0714
0.0040 0.9264 0.9475 0.0011 0.0007 0.0003 0.9580 0.0011 0.0007 0.9264 0.0006 0.0003 0.0009 0.0008 0.0012 0.0005 0.0012 0.0006 0.0002 0.2921 0.1398 0.0117 0.0221 0.0663 0.0780 0.9821 0.0059 0.0520 0.4566 0.4124 0.0002 0.0006 0.0089 0.0005 0.0294 0.1362 0.0603 0.1081
0.0078 0.9546 0.9580 0.0007 0.0003 0.0000 0.9603 0.0001 0.0004 0.9214 0.0003 0.0001 0.0003 0.0002 0.0003 0.0006 0.0003 0.0002 0.0002 0.2705 0.1624 0.0161 0.0303 0.1081 0.1551 0.9636 0.0039 0.0855 0.6365 0.5968 0.0003 0.0003 0.0136 0.0001 0.0210 0.0701 0.0443 0.0835
0.0118 0.9167 0.9445 0.0014 0.0015 0.0005 0.9533 0.0018 0.0016 0.9143 0.0010 0.0005 0.0014 0.0013 0.0019 0.0011 0.0019 0.0006 0.0008 0.2844 0.1282 0.0219 0.0385 0.0944 0.1329 0.9463 0.0077 0.0955 0.5198 0.4957 0.0007 0.0013 0.0185 0.0009 0.0370 0.1405 0.0531 0.1233
0.0139 0.9272 0.9366 0.0014 0.0013 0.0002 0.9486 0.0009 0.0012 0.9058 0.0010 0.0004 0.0013 0.0010 0.0012 0.0011 0.0012 0.0005 0.0006 0.2820 0.1379 0.0274 0.0425 0.1081 0.1502 0.9424 0.0065 0.1144 0.5756 0.5421 0.0007 0.0010 0.0249 0.0007 0.0367 0.1147 0.0565 0.1104
0.0042 0.9496 0.9535 0.0006 0.0003 0.0001 0.9697 0.0003 0.0003 0.9250 0.0003 0.0001 0.0004 0.0003 0.0005 0.0004 0.0004 0.0002 0.0001 0.2544 0.1614 0.0126 0.0217 0.0960 0.1345 0.9782 0.0035 0.0609 0.6091 0.5818 0.0001 0.0002 0.0101 0.0002 0.0225 0.0987 0.0496 0.0790
0.0084 0.9333 0.9484 0.0010 0.0007 0.0001 0.9587 0.0003 0.0006 0.9199 0.0006 0.0002 0.0007 0.0004 0.0007 0.0007 0.0006 0.0003 0.0003 0.2992 0.1402 0.0180 0.0307 0.0897 0.1079 0.9670 0.0046 0.0785 0.5104 0.4488 0.0003 0.0005 0.0144 0.0003 0.0309 0.1110 0.0517 0.1007
0.0043 0.9552 0.9600 0.0005 0.0003 0.0000 0.9691 0.0001 0.0002 0.9342 0.0002 0.0001 0.0002 0.0001 0.0003 0.0003 0.0002 0.0001 0.0001 0.2615 0.1586 0.0118 0.0201 0.0865 0.1310 0.9743 0.0033 0.0633 0.6706 0.6452 0.0001 0.0002 0.0105 0.0001 0.0236 0.0707 0.0447 0.0661
0.0137 0.9494 0.9415 0.0022 0.0098 0.0017 0.9334 0.0086 0.0052 0.9321 0.0033 0.0025 0.0090 0.0059 0.0066 0.0037 0.0043 0.0040 0.0032 0.2469 0.1754 0.0216 0.0351 0.0972 0.1504 0.9442 0.0142 0.1003 0.7774 0.7600 0.0040 0.0042 0.0185 0.0093 0.0376 0.0644 0.0681 0.0815
0.0038 0.9288 0.9503 0.0009 0.0005 0.0002 0.9633 0.0010 0.0005 0.9265 0.0004 0.0003 0.0006 0.0006 0.0010 0.0004 0.0012 0.0005 0.0001 0.2830 0.1483 0.0095 0.0195 0.0847 0.1233 0.9827 0.0052 0.0509 0.5453 0.5126 0.0002 0.0006 0.0091 0.0004 0.0229 0.1171 0.0535 0.0948
0.0045 0.9489 0.9522 0.0007 0.0004 0.0001 0.9616 0.0002 0.0003 0.9364 0.0003 0.0001 0.0003 0.0003 0.0004 0.0004 0.0003 0.0002 0.0001 0.2786 0.1520 0.0110 0.0203 0.0820 0.0996 0.9797 0.0043 0.0673 0.5564 0.5156 0.0001 0.0003 0.0094 0.0002 0.0225 0.0921 0.0530 0.0925
0.0034 0.9312 0.9528 0.0010 0.0006 0.0002 0.9624 0.0007 0.0005 0.9263 0.0006 0.0002 0.0006 0.0006 0.0009 0.0005 0.0008 0.0004 0.0002 0.2699 0.1348 0.0110 0.0193 0.0707 0.0964 0.9819 0.0054 0.0518 0.4921 0.4558 0.0002 0.0005 0.0085 0.0003 0.0266 0.1224 0.0526 0.1025
0.0048 0.9488 0.9556 0.0007 0.0003 0.0000 0.9629 0.0002 0.0003 0.9285 0.0003 0.0001 0.0003 0.0002 0.0004 0.0004 0.0003 0.0002 0.0001 0.2810 0.1545 0.0118 0.0250 0.0840 0.1056 0.9772 0.0039 0.0569 0.5552 0.4845 0.0001 0.0002 0.0116 0.0001 0.0217 0.0867 0.0479 0.0914
0.0088 0.9479 0.9421 0.0008 0.0005 0.0001 0.9599 0.0003 0.0004 0.9196 0.0005 0.0001 0.0005 0.0004 0.0005 0.0007 0.0005 0.0003 0.0003 0.2422 0.1423 0.0148 0.0377 0.1015 0.1383 0.9612 0.0043 0.0921 0.6183 0.5791 0.0003 0.0004 0.0140 0.0002 0.0280 0.0893 0.0498 0.0896
0.0072 0.9486 0.9503 0.0006 0.0003 0.0001 0.9620 0.0003 0.0003 0.9267 0.0003 0.0001 0.0003 0.0002 0.0004 0.0004 0.0004 0.0002 0.0001 0.2377 0.1562 0.0142 0.0315 0.1036 0.1767 0.9651 0.0038 0.0926 0.7006 0.7007 0.0002 0.0003 0.0135 0.0002 0.0245 0.0773 0.0460 0.0767
0.0037 0.9312 0.9541 0.0009 0.0005 0.0001 0.9589 0.0006 0.0005 0.9306 0.0005 0.0002 0.0006 0.0005 0.0008 0.0005 0.0007 0.0003 0.0002 0.2760 0.1381 0.0127 0.0195 0.0654 0.0663 0.9801 0.0056 0.0453 0.4683 0.3753 0.0002 0.0004 0.0083 0.0003 0.0321 0.1270 0.0524 0.0994
0.0032 0.9522 0.9569 0.0006 0.0003 0.0001 0.9654 0.0002 0.0002 0.9310 0.0003 0.0001 0.0003 0.0002 0.0004 0.0003 0.0003 0.0002 0.0001 0.2579 0.1396 0.0114 0.0195 0.0760 0.0956 0.9798 0.0038 0.0520 0.5674 0.5144 0.0001 0.0002 0.0082 0.0001 0.0254 0.0951 0.0464 0.0813
0.0065 0.9348 0.9478 0.0009 0.0005 0.0001 0.9628 0.0005 0.0005 0.9209 0.0005 0.0002 0.0006 0.0005 0.0008 0.0005 0.0007 0.0004 0.0002 0.2870 0.1530 0.0144 0.0287 0.0921 0.1401 0.9694 0.0047 0.0801 0.5405 0.5020 0.0002 0.0005 0.0135 0.0003 0.0241 0.1131 0.0508 0.1096
0.0032 0.9332 0.9533 0.0010 0.0006 0.0002 0.9636 0.0008 0.0005 0.9242 0.0005 0.0002 0.0007 0.0006 0.0009 0.0005 0.0008 0.0005 0.0001 0.2849 0.1305 0.0097 0.0181 0.0732 0.0929 0.9860 0.0046 0.0431 0.4349 0.3850 0.0002 0.0005 0.0080 0.0004 0.0235 0.1384 0.0508 0.1125
0.0040 0.9449 0.9591 0.0007 0.0003 0.0001 0.9645 0.0002 0.0003 0.9341 0.0003 0.0001 0.0003 0.0003 0.0004 0.0003 0.0004 0.0002 0.0001 0.2774 0.1608 0.0094 0.0181 0.0850 0.1363 0.9797 0.0039 0.0566 0.5916 0.5433 0.0001 0.0003 0.0087 0.0002 0.0218 0.0907 0.0493 0.0843
0.0065 0.9042 0.9407 0.0014 0.0011 0.0004 0.9500 0.0015 0.0010 0.9142 0.0010 0.0004 0.0013 0.0012 0.0018 0.0009 0.0016 0.0007 0.0003 0.2896 0.1192 0.0153 0.0280 0.0701 0.0920 0.9678 0.0071 0.0710 0.4091 0.3545 0.0004 0.0009 0.0127 0.0007 0.0339 0.1619 0.0654 0.1312
0.0093 0.9493 0.9489 0.0007 0.0005 0.0001 0.9580 0.0003 0.0005 0.9192 0.0004 0.0002 0.0004 0.0003 0.0005 0.0007 0.0004 0.0002 0.0003 0.2612 0.1551 0.0192 0.0379 0.1067 0.1567 0.9558 0.0045 0.1023 0.6648 0.6441 0.0003 0.0004 0.0173 0.0002 0.0263 0.0809 0.0515 0.0768
0.0095 0.9530 0.9420 0.0007 0.0006 0.0001 0.9604 0.0003 0.0006 0.9162 0.0005 0.0001 0.0004 0.0003 0.0005 0.0007 0.0004 0.0002 0.0003 0.2321 0.1370 0.0207 0.0352 0.1021 0.1729 0.9452 0.0045 0.0888 0.7288 0.7265 0.0003 0.0004 0.0168 0.0002 0.0355 0.0704 0.0461 0.0770
0.0061 0.9498 0.9523 0.0007 0.0004 0.0001 0.9612 0.0003 0.0004 0.9201 0.0004 0.0001 0.0003 0.0003 0.0005 0.0004 0.0004 0.0003 0.0002 0.2540 0.1417 0.0149 0.0253 0.0920 0.1492 0.9647 0.0040 0.0791 0.6818 0.6652 0.0002 0.0003 0.0134 0.0002 0.0274 0.0764 0.0505 0.0770
0.0098 0.9452 0.9473 0.0009 0.0005 0.0001 0.9543 0.0002 0.0005 0.9216 0.0004 0.0002 0.0004 0.0003 0.0005 0.0006 0.0004 0.0002 0.0003 0.2567 0.1523 0.0186 0.0329 0.1089 0.1569 0.9602 0.0043 0.1067 0.6271 0.6012 0.0003 0.0004 0.0157 0.0002 0.0295 0.0933 0.0464 0.0808
0.0037 0.9477 0.9535 0.0007 0.0004 0.0001 0.9655 0.0005 0.0004 0.9310 0.0004 0.0002 0.0005 0.0005 0.0006 0.0004 0.0007 0.0003 0.0001 0.2572 0.1553 0.0101 0.0183 0.0824 0.1262 0.9824 0.0046 0.0487 0.6380 0.6129 0.0001 0.0004 0.0085 0.0003 0.0223 0.0865 0.0495 0.0808
0.0055 0.9541 0.9549 0.0006 0.0002 0.0000 0.9691 0.0001 0.0002 0.9227 0.0002 0.0001 0.0003 0.0002 0.0003 0.0003 0.0002 0.0001 0.0001 0.2427 0.1570 0.0123 0.0243 0.1066 0.1523 0.9701 0.0031 0.0632 0.6766 0.6535 0.0001 0.0002 0.0113 0.0001 0.0220 0.0805 0.0431 0.0771
0.0033 0.9088 0.9507 0.0013 0.0010 0.0004 0.9585 0.0015 0.0009 0.9266 0.0008 0.0004 0.0011 0.0011 0.0016 0.0007 0.0015 0.0008 0.0003 0.2925 0.1233 0.0110 0.0182 0.0562 0.0657 0.9839 0.0067 0.0412 0.3365 0.2823 0.0003 0.0009 0.0074 0.0008 0.0303 0.1746 0.0578 0.1318
0.0053 0.9621 0.9565 0.0004 0.0002 0.0000 0.9705 0.0001 0.0002 0.9279 0.0001 0.0001 0.0001 0.0001 0.0002 0.0003 0.0001 0.0001 0.0001 0.2299 0.1677 0.0130 0.0244 0.0999 0.1664 0.9683 0.0030 0.0736 0.7701 0.7691 0.0001 0.0001 0.0121 0.0001 0.0212 0.0507 0.0444 0.0625
0.0060 0.9270 0.9452 0.0011 0.0009 0.0002 0.9583 0.0011 0.0008 0.9194 0.0006 0.0003 0.0014 0.0009 0.0012 0.0007 0.0010 0.0005 0.0003 0.2615 0.1217 0.0134 0.0286 0.0802 0.1076 0.9756 0.0062 0.0642 0.4708 0.4171 0.0004 0.0007 0.0116 0.0007 0.0324 0.1308 0.0521 0.1134
0.0031 0.9532 0.9593 0.0007 0.0003 0.0000 0.9691 0.0002 0.0002 0.9361 0.0003 0.0001 0.0003 0.0002 0.0003 0.0003 0.0003 0.0002 0.0001 0.2732 0.1570 0.0101 0.0161 0.0822 0.1047 0.9835 0.0033 0.0517 0.5896 0.5506 0.0001 0.0002 0.0076 0.0001 0.0217 0.0957 0.0460 0.0821
0.0077 0.9365 0.9464 0.0009 0.0004 0.0001 0.9623 0.0003 0.0004 0.9195 0.0004 0.0002 0.0005 0.0004 0.0006 0.0005 0.0006 0.0003 0.0002 0.2602 0.1432 0.0143 0.0317 0.0949 0.1388 0.9645 0.0048 0.0866 0.5957 0.5711 0.0002 0.0004 0.0148 0.0002 0.0260 0.1087 0.0469 0.1020
0.0164 0.9514 0.9420 0.0010 0.0011 0.0002 0.9524 0.0006 0.0012 0.9169 0.0006 0.0006 0.0008 0.0005 0.0006 0.0012 0.0006 0.0003 0.0009 0.2318 0.1621 0.0230 0.0551 0.1220 0.1915 0.9326 0.0054 0.1119 0.7052 0.6965 0.0010 0.0009 0.0224 0.0005 0.0328 0.0778 0.0457 0.0814
0.0168 0.9501 0.9394 0.0009 0.0008 0.0001 0.9514 0.0003 0.0010 0.9053 0.0007 0.0003 0.0007 0.0003 0.0006 0.0012 0.0005 0.0002 0.0007 0.2166 0.1526 0.0252 0.0565 0.1466 0.2139 0.9283 0.0043 0.1429 0.7641 0.7565 0.0007 0.0006 0.0273 0.0004 0.0352 0.0640 0.0443 0.0743
0.0049 0.9425 0.9561 0.0007 0.0004 0.0001 0.9637 0.0004 0.0004 0.9320 0.0004 0.0002 0.0004 0.0004 0.0006 0.0004 0.0005 0.0003 0.0001 0.2673 0.1453 0.0114 0.0243 0.0818 0.1200 0.9768 0.0044 0.0655 0.5891 0.5686 0.0002 0.0004 0.0100 0.0003 0.0254 0.0948 0.0473 0.0905
0.0041 0.9350 0.9508 0.0009 0.0005 0.0001 0.9613 0.0005 0.0004 0.9302 0.0005 0.0002 0.0006 0.0005 0.0008 0.0005 0.0007 0.0004 0.0001 0.2760 0.1503 0.0118 0.0214 0.0709 0.0891 0.9771 0.0052 0.0492 0.4843 0.4321 0.0002 0.0004 0.0091 0.0003 0.0247 0.1134 0.0552 0.1084
0.0052 0.9376 0.9523 0.0019 0.0021 0.0020 0.9584 0.0055 0.0018 0.9284 0.0010 0.0010 0.0019 0.0036 0.0039 0.0011 0.0021 0.0014 0.0008 0.2556 0.1537 0.0131 0.0219 0.0794 0.1259 0.9737 0.0079 0.0637 0.6618 0.6465 0.0009 0.0022 0.0101 0.0019 0.0298 0.1121 0.0571 0.0854
0.0051 0.9505 0.9527 0.0007 0.0004 0.0001 0.9656 0.0002 0.0003 0.9345 0.0003 0.0001 0.0004 0.0003 0.0004 0.0004 0.0003 0.0002 0.0001 0.2596 0.1476 0.0123 0.0231 0.0768 0.1239 0.9702 0.0041 0.0687 0.5715 0.5327 0.0001 0.0003 0.0101 0.0002 0.0226 0.0906 0.0482 0.0992
0.0071 0.9483 0.9430 0.0007 0.0004 0.0001 0.9546 0.0002 0.0004 0.9352 0.0004 0.0001 0.0004 0.0003 0.0004 0.0005 0.0004 0.0002 0.0002 0.2493 0.1463 0.0126 0.0317 0.0903 0.1062 0.9681 0.0048 0.0771 0.6037 0.5374 0.0002 0.0004 0.0124 0.0002 0.0312 0.1038 0.0498 0.0859
0.0039 0.9347 0.9510 0.0009 0.0013 0.0003 0.9558 0.0013 0.0009 0.9327 0.0009 0.0003 0.0012 0.0012 0.0013 0.0007 0.0010 0.0007 0.0003 0.2980 0.1423 0.0113 0.0200 0.0767 0.0939 0.9799 0.0057 0.0495 0.4748 0.4210 0.0004 0.0010 0.0077 0.0010 0.0308 0.1268 0.0556 0.1023
0.0033 0.9352 0.9528 0.0010 0.0007 0.0003 0.9620 0.0010 0.0005 0.9322 0.0005 0.0002 0.0007 0.0007 0.0010 0.0005 0.0010 0.0005 0.0002 0.2975 0.1438 0.0085 0.0172 0.0743 0.0917 0.9853 0.0059 0.0431 0.4417 0.3940 0.0002 0.0006 0.0070 0.0005 0.0233 0.1435 0.0513 0.1111
0.0055 0.9625 0.9560 0.0004 0.0002 0.0000 0.9702 0.0001 0.0002 0.9230 0.0001 0.0001 0.0001 0.0001 0.0002 0.0002 0.0001 0.0001 0.0001 0.2257 0.1599 0.0127 0.0248 0.1016 0.1750 0.9721 0.0029 0.0754 0.7720 0.7767 0.0001 0.0001 0.0117 0.0001 0.0215 0.0535 0.0450 0.0640
0.0043 0.9451 0.9510 0.0008 0.0006 0.0001 0.9571 0.0004 0.0004 0.9383 0.0005 0.0001 0.0006 0.0004 0.0006 0.0005 0.0005 0.0003 0.0001 0.2784 0.1531 0.0125 0.0236 0.0671 0.0963 0.9803 0.0044 0.0623 0.5350 0.4712 0.0002 0.0004 0.0086 0.0003 0.0250 0.1026 0.0582 0.1010
0.0037 0.9372 0.9554 0.0008 0.0003 0.0001 0.9649 0.0003 0.0003 0.9268 0.0004 0.0001 0.0004 0.0003 0.0005 0.0004 0.0005 0.0003 0.0001 0.2789 0.1421 0.0108 0.0193 0.0785 0.1099 0.9834 0.0042 0.0539 0.4963 0.4554 0.0001 0.0003 0.0090 0.0002 0.0234 0.1152 0.0479 0.0984
0.0096 0.9511 0.9564 0.0008 0.0005 0.0001 0.9662 0.0002 0.0006 0.9076 0.0004 0.0002 0.0004 0.0002 0.0004 0.0007 0.0004 0.0001 0.0003 0.2589 0.1607 0.0210 0.0279 0.1219 0.1963 0.9510 0.0036 0.0908 0.6783 0.6644 0.0003 0.0003 0.0174 0.0002 0.0244 0.0790 0.0406 0.0856
0.0038 0.9496 0.9599 0.0006 0.0002 0.0001 0.9676 0.0002 0.0002 0.9262 0.0002 0.0001 0.0003 0.0002 0.0004 0.0003 0.0003 0.0002 0.0001 0.2576 0.1476 0.0121 0.0185 0.0924 0.1358 0.9742 0.0035 0.0529 0.6386 0.5869 0.0001 0.0002 0.0099 0.0001 0.0242 0.0853 0.0438 0.0757
0.0048 0.9438 0.9540 0.0007 0.0006 0.0001 0.9583 0.0005 0.0005 0.9264 0.0004 0.0002 0.0005 0.0005 0.0007 0.0004 0.0006 0.0003 0.0002 0.2750 0.1576 0.0132 0.0217 0.0904 0.1286 0.9695 0.0051 0.0646 0.6351 0.5985 0.0002 0.0004 0.0112 0.0004 0.0256 0.0807 0.0506 0.0859
0.0059 0.9507 0.9448 0.0006 0.0004 0.0001 0.9598 0.0002 0.0004 0.9253 0.0004 0.0001 0.0004 0.0003 0.0005 0.0004 0.0003 0.0002 0.0002 0.2249 0.1354 0.0143 0.0282 0.0935 0.1228 0.9675 0.0038 0.0829 0.7025 0.6673 0.0001 0.0003 0.0129 0.0002 0.0343 0.0768 0.0526 0.0676
0.0046 0.9446 0.9506 0.0006 0.0006 0.0002 0.9622 0.0006 0.0005 0.9241 0.0004 0.0002 0.0005 0.0005 0.0007 0.0004 0.0005 0.0003 0.0001 0.2497 0.1564 0.0120 0.0238 0.0942 0.1316 0.9740 0.0039 0.0665 0.6544 0.6086 0.0002 0.0004 0.0108 0.0003 0.0283 0.0942 0.0482 0.0761
0.0050 0.9537 0.9496 0.0005 0.0003 0.0000 0.9615 0.0002 0.0003 0.9282 0.0003 0.0001 0.0002 0.0002 0.0003 0.0003 0.0002 0.0002 0.0001 0.2481 0.1508 0.0132 0.0250 0.0933 0.1297 0.9773 0.0036 0.0780 0.6977 0.6600 0.0001 0.0002 0.0113 0.0001 0.0263 0.0668 0.0510 0.0629
0.0055 0.9455 0.9518 0.0008 0.0004 0.0001 0.9569 0.0002 0.0004 0.9317 0.0004 0.0001 0.0004 0.0003 0.0004 0.0005 0.0004 0.0002 0.0002 0.2567 0.1342 0.0134 0.0301 0.0808 0.0931 0.9708 0.0043 0.0739 0.5323 0.4754 0.0002 0.0004 0.0104 0.0002 0.0309 0.1075 0.0482 0.0928
0.0037 0.9480 0.9602 0.0006 0.0004 0.0001 0.9652 0.0002 0.0003 0.9362 0.0003 0.0001 0.0003 0.0003 0.0004 0.0004 0.0003 0.0002 0.0001 0.2725 0.1551 0.0120 0.0170 0.0786 0.1120 0.9771 0.0041 0.0558 0.5507 0.5108 0.0001 0.0002 0.0088 0.0002 0.0231 0.0917 0.0473 0.0884
0.0068 0.9378 0.9461 0.0008 0.0006 0.0001 0.9576 0.0006 0.0005 0.9233 0.0005 0.0002 0.0006 0.0005 0.0008 0.0005 0.0007 0.0004 0.0002 0.2667 0.1501 0.0135 0.0274 0.0886 0.1338 0.9671 0.0053 0.0768 0.5941 0.5834 0.0002 0.0005 0.0130 0.0003 0.0236 0.1031 0.0561 0.1005
0.0076 0.9503 0.9444 0.0007 0.0004 0.0001 0.9603 0.0003 0.0004 0.9197 0.0003 0.0001 0.0004 0.0003 0.0005 0.0005 0.0004 0.0002 0.0002 0.2295 0.1377 0.0140 0.0327 0.1070 0.1655 0.9623 0.0039 0.0899 0.6664 0.6378 0.0002 0.0003 0.0140 0.0002 0.0268 0.0891 0.0445 0.0864
0.0257 0.9313 0.9329 0.0022 0.0037 0.0009 0.9405 0.0014 0.0051 0.9098 0.0016 0.0009 0.0021 0.0020 0.0022 0.0026 0.0021 0.0008 0.0027 0.2685 0.1563 0.0350 0.0491 0.1038 0.1275 0.9286 0.0103 0.1010 0.6139 0.5788 0.0020 0.0028 0.0293 0.0023 0.0456 0.1111 0.0592 0.1073
0.0034 0.9642 0.9632 0.0004 0.0001 0.0000 0.9662 0.0000 0.0001 0.9448 0.0001 0.0000 0.0001 0.0001 0.0001 0.0002 0.0001 0.0001 0.0001 0.2597 0.1796 0.0112 0.0175 0.0874 0.1399 0.9796 0.0029 0.0637 0.7023 0.6921 0.0001 0.0001 0.0079 0.0000 0.0189 0.0608 0.0455 0.0594
0.0072 0.9356 0.9512 0.0009 0.0007 0.0004 0.9638 0.0013 0.0007 0.9101 0.0006 0.0003 0.0007 0.0008 0.0011 0.0006 0.0009 0.0005 0.0003 0.2632 0.1499 0.0145 0.0330 0.0954 0.1705 0.9645 0.0051 0.0850 0.6514 0.6378 0.0003 0.0006 0.0141 0.0005 0.0247 0.0942 0.0482 0.1038
0.0055 0.9472 0.9538 0.0006 0.0003 0.0001 0.9647 0.0002 0.0003 0.9233 0.0003 0.0001 0.0003 0.0002 0.0004 0.0004 0.0004 0.0002 0.0001 0.2451 0.1462 0.0125 0.0283 0.0950 0.1377 0.9703 0.0039 0.0829 0.6777 0.6375 0.0001 0.0003 0.0123 0.0001 0.0268 0.0813 0.0458 0.0741
0.0032 0.9479 0.9596 0.0007 0.0004 0.0001 0.9660 0.0003 0.0003 0.9258 0.0004 0.0001 0.0004 0.0004 0.0005 0.0004 0.0005 0.0004 0.0001 0.2648 0.1600 0.0092 0.0184 0.0847 0.1338 0.9817 0.0045 0.0485 0.6036 0.5714 0.0001 0.0004 0.0083 0.0003 0.0211 0.0911 0.0457 0.0963
0.0043 0.9489 0.9582 0.0007 0.0003 0.0001 0.9646 0.0002 0.0003 0.9315 0.0003 0.0001 0.0003 0.0003 0.0004 0.0004 0.0003 0.0002 0.0001 0.2588 0.1513 0.0117 0.0245 0.0871 0.1180 0.9768 0.0039 0.0594 0.5605 0.5087 0.0001 0.0002 0.0101 0.0001 0.0264 0.0962 0.0419 0.0858
0.0031 0.9484 0.9612 0.0007 0.0003 0.0000 0.9692 0.0001 0.0002 0.9321 0.0003 0.0001 0.0002 0.0002 0.0004 0.0003 0.0003 0.0002 0.0001 0.2707 0.1528 0.0116 0.0167 0.0815 0.1191 0.9795 0.0039 0.0490 0.5940 0.5648 0.0001 0.0002 0.0081 0.0001 0.0204 0.0863 0.0455 0.0899
0.0062 0.9520 0.9498 0.0006 0.0004 0.0001 0.9611 0.0003 0.0004 0.9187 0.0003 0.0001 0.0003 0.0003 0.0005 0.0003 0.0004 0.0002 0.0001 0.2146 0.1501 0.0133 0.0298 0.1024 0.1804 0.9684 0.0040 0.0826 0.7558 0.7422 0.0001 0.0004 0.0135 0.0002 0.0281 0.0693 0.0465 0.0656
0.0058 0.9532 0.9543 0.0006 0.0003 0.0000 0.9631 0.0002 0.0003 0.9212 0.0003 0.0001 0.0003 0.0002 0.0003 0.0004 0.0003 0.0002 0.0001 0.2471 0.1541 0.0132 0.0248 0.0972 0.1560 0.9686 0.0037 0.0722 0.6670 0.6348 0.0002 0.0002 0.0115 0.0001 0.0280 0.0806 0.0462 0.0775
0.0031 0.9398 0.9596 0.0007 0.0004 0.0001 0.9676 0.0004 0.0003 0.9288 0.0004 0.0001 0.0004 0.0004 0.0006 0.0003 0.0006 0.0003 0.0001 0.2754 0.1519 0.0091 0.0173 0.0847 0.1324 0.9827 0.0041 0.0504 0.5589 0.5225 0.0001 0.0004 0.0079 0.0002 0.0225 0.0979 0.0496 0.0903
0.0029 0.9359 0.9527 0.0009 0.0004 0.0001 0.9633 0.0004 0.0004 0.9274 0.0005 0.0002 0.0005 0.0005 0.0007 0.0005 0.0007 0.0004 0.0001 0.2970 0.1236 0.0102 0.0177 0.0759 0.0779 0.9830 0.0048 0.0446 0.4508 0.3929 0.0001 0.0005 0.0079 0.0002 0.0280 0.1321 0.0480 0.1056
0.0091 0.9474 0.9485 0.0009 0.0006 0.0001 0.9629 0.0005 0.0006 0.9164 0.0005 0.0002 0.0006 0.0004 0.0007 0.0008 0.0007 0.0003 0.0004 0.2424 0.1535 0.0171 0.0387 0.0985 0.1605 0.9587 0.0045 0.0885 0.6373 0.6176 0.0004 0.0005 0.0155 0.0003 0.0251 0.0949 0.0481 0.0892
0.0042 0.9535 0.9550 0.0005 0.0002 0.0000 0.9684 0.0001 0.0002 0.9318 0.0002 0.0001 0.0002 0.0001 0.0002 0.0003 0.0002 0.0001 0.0001 0.2246 0.1574 0.0118 0.0238 0.0920 0.1601 0.9767 0.0031 0.0640 0.6925 0.6696 0.0001 0.0001 0.0106 0.0001 0.0257 0.0778 0.0431 0.0590
0.0028 0.9452 0.9612 0.0007 0.0002 0.0000 0.9675 0.0002 0.0002 0.9317 0.0003 0.0001 0.0003 0.0002 0.0004 0.0003 0.0003 0.0002 0.0001 0.2699 0.1505 0.0092 0.0172 0.0859 0.1176 0.9859 0.0035 0.0464 0.5491 0.5119 0.0001 0.0002 0.0080 0.0001 0.0219 0.1004 0.0431 0.0812
0.0061 0.9351 0.9490 0.0009 0.0008 0.0005 0.9609 0.0017 0.0008 0.9176 0.0007 0.0003 0.0008 0.0010 0.0014 0.0006 0.0011 0.0005 0.0002 0.2767 0.1598 0.0130 0.0248 0.0954 0.1398 0.9690 0.0059 0.0790 0.6438 0.6276 0.0003 0.0007 0.0114 0.0006 0.0258 0.0953 0.0527 0.0965
0.0038 0.9262 0.9525 0.0010 0.0008 0.0003 0.9627 0.0010 0.0007 0.9275 0.0007 0.0003 0.0009 0.0008 0.0012 0.0006 0.0010 0.0006 0.0002 0.2977 0.1488 0.0120 0.0178 0.0690 0.0964 0.9786 0.0057 0.0501 0.5115 0.4684 0.0003 0.0006 0.0083 0.0005 0.0246 0.1207 0.0595 0.1176
0.0029 0.9045 0.9478 0.0015 0.0009 0.0003 0.9564 0.0011 0.0007 0.9252 0.0008 0.0004 0.0010 0.0010 0.0014 0.0008 0.0015 0.0007 0.0003 0.3289 0.1247 0.0114 0.0171 0.0725 0.0538 0.9865 0.0072 0.0334 0.2716 0.1869 0.0003 0.0008 0.0070 0.0006 0.0317 0.1841 0.0511 0.1399
0.0034 0.9401 0.9530 0.0010 0.0007 0.0002 0.9650 0.0008 0.0004 0.9332 0.0005 0.0002 0.0006 0.0007 0.0009 0.0005 0.0008 0.0005 0.0002 0.2828 0.1517 0.0104 0.0167 0.0762 0.1119 0.9838 0.0053 0.0520 0.5610 0.5499 0.0002 0.0005 0.0071 0.0004 0.0227 0.1142 0.0510 0.0914
0.0056 0.9615 0.9522 0.0006 0.0003 0.0000 0.9662 0.0001 0.0003 0.9230 0.0002 0.0001 0.0002 0.0003 0.0004 0.0004 0.0002 0.0002 0.0001 0.2391 0.1593 0.0137 0.0240 0.0984 0.1607 0.9739 0.0033 0.0763 0.7195 0.6938 0.0001 0.0002 0.0121 0.0001 0.0230 0.0643 0.0464 0.0704
0.0035 0.9315 0.9539 0.0009 0.0005 0.0001 0.9603 0.0004 0.0004 0.9365 0.0004 0.0002 0.0006 0.0005 0.0008 0.0005 0.0007 0.0004 0.0001 0.3046 0.1515 0.0102 0.0175 0.0693 0.0938 0.9818 0.0051 0.0499 0.4846 0.4305 0.0002 0.0005 0.0082 0.0003 0.0238 0.1201 0.0532 0.1105
0.0022 0.9358 0.9581 0.0009 0.0003 0.0001 0.9674 0.0003 0.0003 0.9338 0.0004 0.0001 0.0004 0.0003 0.0005 0.0004 0.0005 0.0003 0.0001 0.3034 0.1447 0.0094 0.0143 0.0667 0.0835 0.9875 0.0041 0.0433 0.4464 0.3878 0.0001 0.0003 0.0062 0.0002 0.0231 0.1283 0.0485 0.1013
0.0073 0.9456 0.9522 0.0007 0.0005 0.0001 0.9549 0.0003 0.0005 0.9251 0.0004 0.0002 0.0004 0.0003 0.0005 0.0004 0.0004 0.0002 0.0002 0.2776 0.1502 0.0171 0.0286 0.0894 0.1281 0.9592 0.0052 0.0932 0.6342 0.6116 0.0002 0.0004 0.0140 0.0002 0.0258 0.0816 0.0575 0.0864
0.0046 0.9418 0.9588 0.0008 0.0004 0.0001 0.9625 0.0003 0.0003 0.9273 0.0004 0.0001 0.0004 0.0003 0.0005 0.0004 0.0005 0.0003 0.0002 0.2738 0.1586 0.0132 0.0240 0.0771 0.1231 0.9727 0.0040 0.0600 0.5474 0.4750 0.0002 0.0003 0.0099 0.0002 0.0240 0.1119 0.0494 0.0945
0.0048 0.9551 0.9587 0.0005 0.0002 0.0000 0.9664 0.0001 0.0002 0.9294 0.0002 0.0001 0.0001 0.0001 0.0002 0.0003 0.0001 0.0001 0.0001 0.2578 0.1615 0.0120 0.0212 0.1006 0.1650 0.9754 0.0033 0.0719 0.7160 0.6918 0.0001 0.0001 0.0103 0.0001 0.0230 0.0639 0.0437 0.0603
0.0052 0.9436 0.9496 0.0007 0.0005 0.0001 0.9621 0.0005 0.0004 0.9324 0.0004 0.0002 0.0006 0.0004 0.0007 0.0005 0.0006 0.0003 0.0002 0.2608 0.1564 0.0126 0.0276 0.0877 0.1269 0.9724 0.0045 0.0681 0.5691 0.5340 0.0002 0.0004 0.0101 0.0003 0.0241 0.0976 0.0517 0.0892
0.0065 0.9622 0.9543 0.0004 0.0002 0.0000 0.9666 0.0001 0.0002 0.9321 0.0002 0.0001 0.0002 0.0001 0.0002 0.0003 0.0001 0.0001 0.0001 0.2212 0.1657 0.0149 0.0294 0.1013 0.1632 0.9650 0.0031 0.0897 0.7910 0.7948 0.0001 0.0001 0.0138 0.0001 0.0246 0.0504 0.0444 0.0550
0.0049 0.9223 0.9468 0.0010 0.0009 0.0004 0.9554 0.0015 0.0008 0.9294 0.0006 0.0003 0.0009 0.0009 0.0013 0.0006 0.0012 0.0007 0.0002 0.2936 0.1415 0.0105 0.0213 0.0788 0.0880 0.9788 0.0062 0.0594 0.5262 0.4908 0.0003 0.0008 0.0091 0.0007 0.0258 0.1228 0.0593 0.1114
0.0049 0.9168 0.9454 0.0014 0.0013 0.0007 0.9567 0.0027 0.0012 0.9181 0.0009 0.0006 0.0015 0.0017 0.0021 0.0009 0.0022 0.0011 0.0003 0.2960 0.1399 0.0109 0.0255 0.0815 0.1064 0.9796 0.0070 0.0554 0.4595 0.4236 0.0005 0.0014 0.0094 0.0010 0.0275 0.1606 0.0609 0.1332
0.0056 0.9533 0.9548 0.0005 0.0003 0.0001 0.9621 0.0003 0.0003 0.9291 0.0003 0.0001 0.0003 0.0002 0.0004 0.0003 0.0004 0.0002 0.0001 0.2381 0.1639 0.0133 0.0278 0.0918 0.1553 0.9696 0.0037 0.0741 0.7044 0.6737 0.0001 0.0003 0.0117 0.0002 0.0239 0.0735 0.0469 0.0767
0.0057 0.9327 0.9465 0.0009 0.0007 0.0001 0.9557 0.0005 0.0006 0.9312 0.0006 0.0002 0.0006 0.0005 0.0008 0.0006 0.0007 0.0004 0.0002 0.2702 0.1299 0.0157 0.0276 0.0721 0.0833 0.9653 0.0056 0.0736 0.4814 0.4083 0.0002 0.0005 0.0120 0.0004 0.0323 0.1271 0.0525 0.1060
0.0043 0.9518 0.9587 0.0005 0.0002 0.0000 0.9674 0.0001 0.0002 0.9337 0.0002 0.0001 0.0002 0.0001 0.0003 0.0003 0.0002 0.0001 0.0001 0.2572 0.1631 0.0102 0.0202 0.0894 0.1447 0.9788 0.0032 0.0655 0.6610 0.6242 0.0001 0.0001 0.0096 0.0001 0.0210 0.0727 0.0468 0.0769
0.0024 0.9404 0.9578 0.0009 0.0004 0.0001 0.9666 0.0003 0.0003 0.9342 0.0004 0.0001 0.0004 0.0004 0.0006 0.0004 0.0005 0.0003 0.0001 0.2916 0.1484 0.0094 0.0154 0.0654 0.0809 0.9885 0.0039 0.0400 0.4186 0.3474 0.0001 0.0003 0.0064 0.0002 0.0204 0.1241 0.0531 0.1130
0.0083 0.9474 0.9521 0.0007 0.0004 0.0001 0.9574 0.0002 0.0004 0.9278 0.0004 0.0001 0.0004 0.0003 0.0005 0.0005 0.0003 0.0002 0.0002 0.2477 0.1555 0.0161 0.0381 0.0924 0.1426 0.9562 0.0041 0.0945 0.6506 0.5960 0.0002 0.0003 0.0163 0.0002 0.0273 0.0833 0.0481 0.0844
0.0075 0.9604 0.9493 0.0005 0.0003 0.0000 0.9588 0.0001 0.0003 0.9191 0.0002 0.0001 0.0002 0.0002 0.0003 0.0003 0.0002 0.0001 0.0002 0.2388 0.1603 0.0168 0.0295 0.1177 0.1597 0.9527 0.0037 0.0819 0.7914 0.7643 0.0001 0.0002 0.0148 0.0001 0.0274 0.0536 0.0469 0.0653
0.0044 0.9388 0.9516 0.0009 0.0005 0.0001 0.9645 0.0004 0.0004 0.9365 0.0004 0.0001 0.0005 0.0004 0.0007 0.0004 0.0005 0.0003 0.0001 0.2659 0.1531 0.0126 0.0228 0.0785 0.1101 0.9778 0.0046 0.0654 0.5382 0.5049 0.0001 0.0004 0.0091 0.0002 0.0275 0.1080 0.0482 0.0875
0.0060 0.9453 0.9520 0.0008 0.0005 0.0001 0.9632 0.0003 0.0004 0.9245 0.0005 0.0001 0.0004 0.0003 0.0005 0.0005 0.0004 0.0003 0.0002 0.2692 0.1423 0.0142 0.0286 0.0843 0.1282 0.9703 0.0045 0.0736 0.5346 0.4968 0.0002 0.0004 0.0117 0.0002 0.0266 0.1053 0.0468 0.0979
0.0053 0.9320 0.9512 0.0011 0.0010 0.0004 0.9529 0.0016 0.0009 0.9167 0.0007 0.0004 0.0011 0.0011 0.0017 0.0007 0.0015 0.0008 0.0004 0.2806 0.1476 0.0142 0.0222 0.0812 0.1221 0.9697 0.0073 0.0569 0.5380 0.4843 0.0004 0.0011 0.0120 0.0010 0.0293 0.1261 0.0542 0.1061
0.0100 0.9490 0.9443 0.0007 0.0004 0.0001 0.9599 0.0003 0.0005 0.9140 0.0004 0.0001 0.0004 0.0003 0.0004 0.0006 0.0005 0.0002 0.0002 0.2201 0.1445 0.0186 0.0426 0.1072 0.1798 0.9491 0.0042 0.1207 0.7385 0.7231 0.0002 0.0004 0.0183 0.0002 0.0309 0.0723 0.0458 0.0915
0.0026 0.9563 0.9624 0.0006 0.0002 0.0000 0.9692 0.0001 0.0002 0.9459 0.0002 0.0001 0.0002 0.0001 0.0002 0.0003 0.0002 0.0002 0.0001 0.2784 0.1708 0.0096 0.0152 0.0794 0.1092 0.9858 0.0031 0.0501 0.5549 0.5084 0.0001 0.0001 0.0065 0.0001 0.0166 0.0894 0.0468 0.0842
0.0060 0.9516 0.9550 0.0006 0.0003 0.0001 0.9603 0.0002 0.0003 0.9294 0.0003 0.0001 0.0003 0.0002 0.0004 0.0004 0.0003 0.0002 0.0002 0.2688 0.1514 0.0117 0.0247 0.0991 0.1264 0.9688 0.0041 0.0698 0.6136 0.5667 0.0002 0.0003 0.0104 0.0002 0.0214 0.0827 0.0441 0.0896
0.0042 0.9429 0.9556 0.0008 0.0004 0.0001 0.9657 0.0003 0.0003 0.9248 0.0004 0.0001 0.0004 0.0003 0.0005 0.0005 0.0004 0.0003 0.0001 0.2620 0.1475 0.0117 0.0223 0.0794 0.1168 0.9808 0.0037 0.0597 0.5293 0.4734 0.0001 0.0003 0.0104 0.0002 0.0242 0.1096 0.0508 0.0889
0.0085 0.9575 0.9497 0.0005 0.0003 0.0000 0.9614 0.0001 0.0004 0.9219 0.0002 0.0001 0.0002 0.0002 0.0003 0.0004 0.0002 0.0001 0.0002 0.2360 0.1493 0.0166 0.0332 0.1151 0.1699 0.9509 0.0035 0.1080 0.7787 0.7743 0.0002 0.0003 0.0165 0.0001 0.0290 0.0595 0.0420 0.0700
0.0030 0.9367 0.9555 0.0009 0.0004 0.0001 0.9617 0.0004 0.0003 0.9298 0.0004 0.0002 0.0005 0.0004 0.0007 0.0004 0.0007 0.0003 0.0001 0.2891 0.1386 0.0108 0.0191 0.0700 0.0778 0.9831 0.0047 0.0494 0.4921 0.4377 0.0001 0.0004 0.0078 0.0002 0.0246 0.1208 0.0512 0.1052
0.0040 0.9514 0.9589 0.0006 0.0002 0.0000 0.9721 0.0001 0.0002 0.9291 0.0002 0.0001 0.0002 0.0002 0.0003 0.0002 0.0003 0.0001 0.0001 0.2370 0.1638 0.0101 0.0206 0.0939 0.1604 0.9791 0.0030 0.0642 0.7056 0.6935 0.0001 0.0002 0.0097 0.0001 0.0209 0.0742 0.0422 0.0713
0.0055 0.9543 0.9516 0.0005 0.0003 0.0001 0.9637 0.0003 0.0003 0.9280 0.0003 0.0001 0.0003 0.0003 0.0004 0.0003 0.0004 0.0002 0.0001 0.2212 0.1593 0.0125 0.0267 0.0957 0.1591 0.9687 0.0037 0.0821 0.7168 0.7016 0.0001 0.0002 0.0121 0.0002 0.0235 0.0714 0.0451 0.0740
0.0031 0.9403 0.9554 0.0007 0.0005 0.0001 0.9642 0.0007 0.0004 0.9355 0.0004 0.0002 0.0005 0.0004 0.0007 0.0004 0.0006 0.0003 0.0001 0.2737 0.1528 0.0108 0.0175 0.0712 0.1106 0.9832 0.0044 0.0494 0.5918 0.5592 0.0001 0.0004 0.0078 0.0003 0.0276 0.1074 0.0525 0.0749
0.0049 0.9244 0.9427 0.0011 0.0008 0.0002 0.9566 0.0009 0.0007 0.9229 0.0007 0.0003 0.0010 0.0008 0.0012 0.0007 0.0010 0.0006 0.0002 0.2934 0.1223 0.0124 0.0196 0.0768 0.0764 0.9765 0.0063 0.0587 0.4296 0.3760 0.0003 0.0007 0.0092 0.0005 0.0294 0.1499 0.0597 0.1278
