0.0006 0.0169 0.0004 0.0000 0.0000 0.0000 0.0002 0.0000 0.9651 0.0000 0.0000 0.0000 0.0000 0.0000 0.0000 0.0004 0.0000 0.0000 0.0002 0.0207 0.0209 0.0171 0.0109 0.0000 0.0017 0.9993 0.0004 0.1850 0.6998 0.9717 0.9972 0.0004 0.0566 0.0133 0.0028 0.0015 0.0140 0.0010
0.0000 0.0275 0.0003 0.0000 0.0000 0.0000 0.0000 0.0000 0.9965 0.0000 0.0000 0.0000 0.0000 0.0000 0.0000 0.0001 0.0000 0.0000 0.0000 0.0145 0.0195 0.0002 0.0001 0.0000 0.0000 0.9992 0.0001 0.1239 0.5080 0.8179 0.8803 0.0145 0.0398 0.0208 0.0020 0.0001 0.0005 0.0003
0.0000 0.0013 0.0002 0.0000 0.0000 0.0000 0.0000 0.0000 0.9002 0.0000 0.0000 0.0000 0.0000 0.0000 0.0000 0.0001 0.0000 0.0000 0.0000 0.0205 0.0214 0.0001 0.0000 0.0000 0.0000 0.9977 0.0002 0.0968 0.5778 0.9056 0.9531 0.0039 0.0794 0.0232 0.0016 0.0001 0.0007 0.0004
0.0000 0.0019 0.0002 0.0000 0.0000 0.0000 0.0000 0.0000 1.0000 0.0000 0.0000 0.0000 0.0000 0.0000 0.0000 0.0000 0.0000 0.0000 0.0000 0.0224 0.0184 0.0001 0.0000 0.0000 0.0000 0.9999 0.0000 0.1267 0.4789 0.9963 0.9997 0.0002 0.1306 0.0192 0.0015 0.0000 0.0005 0.0004
0.0004 0.0083 0.0005 0.0000 0.0000 0.0000 0.0001 0.0000 1.0000 0.0000 0.0000 0.0000 0.0000 0.0000 0.0000 0.0003 0.0000 0.0000 0.0001 0.0231 0.0150 0.0147 0.0061 0.0000 0.0010 0.9998 0.0001 0.1117 0.5057 0.9832 0.9992 0.0003 0.1155 0.0188 0.0021 0.0006 0.0103 0.0006
0.0000 0.0022 0.0002 0.0000 0.0000 0.0000 0.0000 0.0000 0.9001 0.0000 0.0000 0.0000 0.0000 0.0000 0.0000 0.0001 0.0000 0.0000 0.0000 0.0152 0.0206 0.0001 0.0000 0.0000 0.0000 0.9980 0.0004 0.1508 0.5804 0.9036 0.9368 0.0036 0.0466 0.0207 0.0017 0.0001 0.0007 0.0005
0.0000 0.0295 0.0003 0.0000 0.0000 0.0000 0.0000 0.0000 0.9999 0.0000 0.0000 0.0000 0.0000 0.0000 0.0000 0.0001 0.0000 0.0000 0.0000 0.0152 0.0106 0.0002 0.0001 0.0000 0.0000 0.9998 0.0001 0.1263 0.3085 0.7906 0.9433 0.0093 0.1323 0.0263 0.0019 0.0001 0.0005 0.0004
0.0000 0.0019 0.0003 0.0000 0.0000 0.0000 0.0000 0.0000 0.9404 0.0000 0.0000 0.0000 0.0000 0.0000 0.0000 0.0001 0.0000 0.0000 0.0000 0.0209 0.0138 0.0002 0.0001 0.0000 0.0000 0.9993 0.0001 0.0987 0.5744 0.9908 0.9974 0.0005 0.0558 0.0187 0.0016 0.0001 0.0006 0.0004
0.0000 0.0015 0.0002 0.0000 0.0000 0.0000 0.0000 0.0000 0.9992 0.0000 0.0000 0.0000 0.0000 0.0000 0.0000 0.0000 0.0000 0.0000 0.0000 0.0254 0.0133 0.0000 0.0000 0.0000 0.0000 0.9997 0.0001 0.1007 0.4914 0.9108 0.9480 0.0015 0.0537 0.0275 0.0015 0.0001 0.0006 0.0006
0.0000 0.0507 0.0003 0.0000 0.0000 0.0000 0.0000 0.0000 0.9995 0.0000 0.0000 0.0000 0.0000 0.0000 0.0000 0.0001 0.0000 0.0000 0.0001 0.0108 0.0113 0.0004 0.0003 0.0000 0.0001 0.9996 0.0002 0.2468 0.4834 0.8215 0.8985 0.0136 0.0720 0.0202 0.0020 0.0002 0.0007 0.0004
0.0000 0.0005 0.0003 0.0000 0.0000 0.0000 0.0000 0.0000 0.9000 0.0000 0.0000 0.0000 0.0000 0.0000 0.0000 0.0000 0.0000 0.0000 0.0000 0.0171 0.0119 0.0000 0.0000 0.0000 0.0000 0.9962 0.0003 0.0331 0.3609 0.8225 0.9212 0.0143 0.0932 0.0249 0.0019 0.0001 0.0004 0.0003
0.0000 0.0236 0.0002 0.0000 0.0000 0.0000 0.0000 0.0000 1.0000 0.0000 0.0000 0.0000 0.0000 0.0000 0.0000 0.0001 0.0000 0.0000 0.0000 0.0234 0.0238 0.0002 0.0002 0.0000 0.0001 0.9999 0.0001 0.2016 0.7643 0.9416 0.9832 0.0038 0.0227 0.0124 0.0010 0.0001 0.0010 0.0003
0.0000 0.0299 0.0002 0.0000 0.0000 0.0000 0.0000 0.0000 0.9994 0.0000 0.0000 0.0000 0.0000 0.0000 0.0000 0.0001 0.0000 0.0000 0.0000 0.0115 0.0130 0.0002 0.0001 0.0000 0.0000 0.9994 0.0001 0.1520 0.4956 0.7636 0.8846 0.0118 0.0441 0.0262 0.0017 0.0001 0.0007 0.0004
0.0000 0.0035 0.0003 0.0000 0.0000 0.0000 0.0000 0.0000 0.9001 0.0000 0.0000 0.0000 0.0000 0.0000 0.0000 0.0001 0.0000 0.0000 0.0000 0.0213 0.0090 0.0000 0.0000 0.0000 0.0000 0.9977 0.0006 0.1137 0.4733 0.8218 0.9259 0.0049 0.0403 0.0182 0.0017 0.0002 0.0004 0.0004
0.0000 0.0015 0.0002 0.0000 0.0000 0.0000 0.0000 0.0000 0.9989 0.0000 0.0000 0.0000 0.0000 0.0000 0.0000 0.0000 0.0000 0.0000 0.0000 0.0123 0.0126 0.0001 0.0000 0.0000 0.0000 0.9991 0.0001 0.0908 0.5320 0.6715 0.8363 0.0180 0.0294 0.0167 0.0020 0.0001 0.0005 0.0003
0.0001 0.0396 0.0003 0.0000 0.0000 0.0000 0.0000 0.0000 0.9517 0.0000 0.0000 0.0000 0.0000 0.0000 0.0000 0.0002 0.0000 0.0000 0.0001 0.0110 0.0103 0.0017 0.0008 0.0000 0.0003 0.9990 0.0003 0.1691 0.7203 0.7665 0.8573 0.0100 0.0391 0.0090 0.0020 0.0005 0.0028 0.0003
0.0001 0.0588 0.0004 0.0000 0.0000 0.0000 0.0000 0.0000 1.0000 0.0000 0.0000 0.0000 0.0000 0.0000 0.0000 0.0002 0.0000 0.0000 0.0001 0.0264 0.0281 0.0008 0.0006 0.0000 0.0002 0.9999 0.0002 0.2883 0.5476 0.9230 0.9316 0.0073 0.0181 0.0212 0.0017 0.0003 0.0026 0.0008
0.0000 0.0032 0.0002 0.0000 0.0000 0.0000 0.0000 0.0000 1.0000 0.0000 0.0000 0.0000 0.0000 0.0000 0.0000 0.0001 0.0000 0.0000 0.0000 0.0224 0.0228 0.0004 0.0003 0.0000 0.0001 0.9999 0.0000 0.1118 0.5126 0.9965 0.9996 0.0002 0.0562 0.0212 0.0014 0.0003 0.0026 0.0006
0.0000 0.0016 0.0002 0.0000 0.0000 0.0000 0.0000 0.0000 1.0000 0.0000 0.0000 0.0000 0.0000 0.0000 0.0000 0.0000 0.0000 0.0000 0.0000 0.0376 0.0209 0.0001 0.0000 0.0000 0.0000 1.0000 0.0000 0.1246 0.5761 0.9975 0.9996 0.0002 0.0270 0.0281 0.0012 0.0000 0.0006 0.0006
0.0025 0.0223 0.0005 0.0000 0.0000 0.0000 0.0005 0.0000 1.0000 0.0000 0.0001 0.0000 0.0000 0.0001 0.0000 0.0006 0.0000 0.0000 0.0020 0.0206 0.0138 0.0393 0.0349 0.0001 0.0015 0.9996 0.0022 0.1151 0.5384 0.8705 0.9904 0.0018 0.1211 0.0217 0.0043 0.0019 0.0218 0.0017
0.0000 0.0071 0.0003 0.0000 0.0000 0.0000 0.0000 0.0000 0.9013 0.0000 0.0000 0.0000 0.0000 0.0000 0.0000 0.0001 0.0000 0.0000 0.0000 0.0275 0.0273 0.0005 0.0004 0.0000 0.0001 0.9973 0.0004 0.2294 0.7351 0.9832 0.9928 0.0009 0.0111 0.0108 0.0018 0.0004 0.0024 0.0004
0.0000 0.0022 0.0002 0.0000 0.0000 0.0000 0.0000 0.0000 0.9988 0.0000 0.0000 0.0000 0.0000 0.0000 0.0000 0.0001 0.0000 0.0000 0.0000 0.0156 0.0086 0.0001 0.0001 0.0000 0.0000 0.9995 0.0000 0.1060 0.6991 0.8950 0.9234 0.0115 0.1174 0.0102 0.0019 0.0001 0.0005 0.0002
0.0000 0.0616 0.0004 0.0000 0.0000 0.0000 0.0000 0.0000 0.9998 0.0000 0.0000 0.0000 0.0000 0.0000 0.0000 0.0001 0.0000 0.0000 0.0001 0.0062 0.0052 0.0003 0.0002 0.0000 0.0001 0.9998 0.0002 0.3124 0.4251 0.8023 0.9069 0.0093 0.0791 0.0192 0.0022 0.0002 0.0006 0.0003
0.0001 0.0031 0.0003 0.0000 0.0000 0.0000 0.0000 0.0000 1.0000 0.0000 0.0000 0.0000 0.0000 0.0000 0.0000 0.0001 0.0000 0.0000 0.0000 0.0306 0.0254 0.0009 0.0004 0.0000 0.0001 0.9999 0.0000 0.0982 0.5128 0.9967 0.9996 0.0002 0.0426 0.0274 0.0015 0.0003 0.0024 0.0007
0.0000 0.0013 0.0004 0.0000 0.0000 0.0000 0.0001 0.0000 0.8769 0.0000 0.0000 0.0000 0.0000 0.0000 0.0000 0.0001 0.0000 0.0000 0.0000 0.0244 0.0115 0.0000 0.0000 0.0000 0.0000 0.9896 0.0060 0.0867 0.6375 0.8210 0.8819 0.0061 0.0224 0.0190 0.0030 0.0003 0.0005 0.0005
0.0000 0.0348 0.0003 0.0000 0.0000 0.0000 0.0000 0.0000 0.8994 0.0000 0.0000 0.0000 0.0000 0.0000 0.0000 0.0002 0.0000 0.0000 0.0001 0.0114 0.0145 0.0002 0.0001 0.0000 0.0001 0.9924 0.0010 0.1326 0.5744 0.6870 0.8541 0.0136 0.0940 0.0154 0.0022 0.0003 0.0005 0.0005
0.0000 0.0010 0.0002 0.0000 0.0000 0.0000 0.0000 0.0000 0.9255 0.0000 0.0000 0.0000 0.0000 0.0000 0.0000 0.0001 0.0000 0.0000 0.0000 0.0138 0.0114 0.0000 0.0001 0.0000 0.0000 0.9987 0.0002 0.0274 0.7317 0.7095 0.8788 0.0061 0.1014 0.0137 0.0017 0.0001 0.0005 0.0001
0.0000 0.0272 0.0003 0.0000 0.0000 0.0000 0.0000 0.0000 0.9991 0.0000 0.0000 0.0000 0.0000 0.0000 0.0000 0.0001 0.0000 0.0000 0.0000 0.0124 0.0183 0.0002 0.0002 0.0000 0.0001 0.9997 0.0001 0.2931 0.4970 0.7853 0.9383 0.0191 0.0655 0.0193 0.0017 0.0001 0.0009 0.0004
0.0000 0.0017 0.0002 0.0000 0.0000 0.0000 0.0000 0.0000 1.0000 0.0000 0.0000 0.0000 0.0000 0.0000 0.0000 0.0000 0.0000 0.0000 0.0000 0.0140 0.0184 0.0001 0.0000 0.0000 0.0000 0.9999 0.0000 0.1062 0.5283 0.9948 0.9985 0.0006 0.0639 0.0215 0.0015 0.0001 0.0007 0.0003
0.0000 0.0398 0.0003 0.0000 0.0000 0.0000 0.0000 0.0000 0.9988 0.0000 0.0000 0.0000 0.0000 0.0000 0.0000 0.0001 0.0000 0.0000 0.0001 0.0110 0.0175 0.0003 0.0002 0.0000 0.0001 0.9994 0.0002 0.1854 0.6314 0.7560 0.8634 0.0109 0.0333 0.0128 0.0019 0.0002 0.0011 0.0003
0.0000 0.0020 0.0002 0.0000 0.0000 0.0000 0.0000 0.0000 0.9001 0.0000 0.0000 0.0000 0.0000 0.0000 0.0000 0.0001 0.0000 0.0000 0.0000 0.0130 0.0170 0.0001 0.0001 0.0000 0.0000 0.9979 0.0011 0.1404 0.5303 0.9016 0.9182 0.0029 0.0852 0.0246 0.0018 0.0001 0.0007 0.0004
0.0000 0.0021 0.0002 0.0000 0.0000 0.0000 0.0000 0.0000 0.9998 0.0000 0.0000 0.0000 0.0000 0.0000 0.0000 0.0000 0.0000 0.0000 0.0000 0.0154 0.0172 0.0001 0.0000 0.0000 0.0000 0.9998 0.0000 0.1350 0.3084 0.8265 0.9636 0.0067 0.0772 0.0298 0.0017 0.0001 0.0007 0.0004
0.0000 0.0305 0.0003 0.0000 0.0000 0.0000 0.0000 0.0000 0.9997 0.0000 0.0000 0.0000 0.0000 0.0000 0.0000 0.0001 0.0000 0.0000 0.0000 0.0083 0.0079 0.0002 0.0001 0.0000 0.0001 0.9996 0.0001 0.2355 0.7741 0.9449 0.9625 0.0044 0.0171 0.0105 0.0013 0.0001 0.0006 0.0002
0.0001 0.0533 0.0003 0.0000 0.0000 0.0000 0.0000 0.0000 0.9985 0.0000 0.0000 0.0000 0.0000 0.0000 0.0000 0.0002 0.0000 0.0000 0.0001 0.0135 0.0159 0.0005 0.0004 0.0000 0.0001 0.9995 0.0002 0.2850 0.5657 0.7886 0.8500 0.0104 0.0937 0.0194 0.0022 0.0002 0.0010 0.0003
0.0002 0.0041 0.0003 0.0000 0.0000 0.0000 0.0001 0.0000 0.8998 0.0000 0.0000 0.0000 0.0000 0.0000 0.0000 0.0002 0.0000 0.0000 0.0001 0.0132 0.0132 0.0025 0.0015 0.0000 0.0003 0.9913 0.0018 0.0511 0.6983 0.8277 0.9140 0.0106 0.0550 0.0111 0.0028 0.0010 0.0076 0.0004
0.0000 0.0007 0.0002 0.0000 0.0000 0.0000 0.0000 0.0000 0.8998 0.0000 0.0000 0.0000 0.0000 0.0000 0.0000 0.0001 0.0000 0.0000 0.0000 0.0081 0.0074 0.0000 0.0000 0.0000 0.0000 0.9967 0.0003 0.0415 0.6161 0.6750 0.8973 0.0131 0.0962 0.0151 0.0018 0.0001 0.0003 0.0002
0.0000 0.0405 0.0004 0.0000 0.0000 0.0000 0.0000 0.0000 1.0000 0.0000 0.0000 0.0000 0.0000 0.0000 0.0000 0.0001 0.0000 0.0000 0.0001 0.0167 0.0188 0.0002 0.0001 0.0000 0.0001 0.9999 0.0001 0.1594 0.4015 0.9247 0.9609 0.0050 0.0318 0.0229 0.0020 0.0001 0.0006 0.0004
0.0000 0.0040 0.0002 0.0000 0.0000 0.0000 0.0000 0.0000 0.9998 0.0000 0.0000 0.0000 0.0000 0.0000 0.0000 0.0001 0.0000 0.0000 0.0000 0.0107 0.0189 0.0001 0.0001 0.0000 0.0000 0.9998 0.0000 0.1714 0.4968 0.7212 0.9623 0.0033 0.2914 0.0194 0.0017 0.0001 0.0009 0.0002
0.0001 0.0077 0.0002 0.0000 0.0000 0.0000 0.0000 0.0000 0.9999 0.0000 0.0000 0.0000 0.0000 0.0000 0.0000 0.0001 0.0000 0.0000 0.0000 0.0213 0.0228 0.0007 0.0004 0.0000 0.0001 0.9997 0.0000 0.1350 0.6087 0.8860 0.9650 0.0056 0.0348 0.0201 0.0016 0.0004 0.0033 0.0006
0.0001 0.0030 0.0003 0.0000 0.0000 0.0000 0.0000 0.0000 0.8973 0.0000 0.0000 0.0000 0.0000 0.0000 0.0000 0.0001 0.0000 0.0000 0.0000 0.0173 0.0121 0.0022 0.0012 0.0000 0.0003 0.9973 0.0004 0.0599 0.6347 0.7200 0.8284 0.0090 0.0897 0.0215 0.0025 0.0005 0.0034 0.0004
0.0001 0.0416 0.0003 0.0000 0.0000 0.0000 0.0000 0.0000 0.9989 0.0000 0.0000 0.0000 0.0000 0.0000 0.0000 0.0001 0.0000 0.0000 0.0001 0.0067 0.0073 0.0011 0.0005 0.0000 0.0002 0.9994 0.0002 0.2946 0.5602 0.8111 0.8934 0.0075 0.0378 0.0197 0.0022 0.0004 0.0021 0.0004
0.0000 0.0264 0.0003 0.0000 0.0000 0.0000 0.0000 0.0000 0.9998 0.0000 0.0000 0.0000 0.0000 0.0000 0.0000 0.0001 0.0000 0.0000 0.0000 0.0282 0.0160 0.0002 0.0001 0.0000 0.0000 0.9997 0.0001 0.1076 0.5850 0.8849 0.9297 0.0054 0.0332 0.0199 0.0015 0.0001 0.0004 0.0004
0.0000 0.0015 0.0002 0.0000 0.0000 0.0000 0.0000 0.0000 0.9988 0.0000 0.0000 0.0000 0.0000 0.0000 0.0000 0.0000 0.0000 0.0000 0.0000 0.0191 0.0195 0.0001 0.0000 0.0000 0.0000 0.9996 0.0000 0.0829 0.4908 0.9012 0.9252 0.0120 0.0424 0.0176 0.0020 0.0001 0.0006 0.0002
0.0000 0.0012 0.0002 0.0000 0.0000 0.0000 0.0000 0.0000 0.9012 0.0000 0.0000 0.0000 0.0000 0.0000 0.0000 0.0000 0.0000 0.0000 0.0000 0.0264 0.0120 0.0000 0.0000 0.0000 0.0000 0.9987 0.0003 0.0829 0.5532 0.8989 0.9168 0.0031 0.0704 0.0265 0.0017 0.0001 0.0004 0.0006
0.0000 0.0313 0.0003 0.0000 0.0000 0.0000 0.0000 0.0000 0.9994 0.0000 0.0000 0.0000 0.0000 0.0000 0.0000 0.0001 0.0000 0.0000 0.0000 0.0073 0.0086 0.0003 0.0002 0.0000 0.0001 0.9997 0.0001 0.2291 0.4838 0.7752 0.9071 0.0144 0.1343 0.0242 0.0022 0.0002 0.0007 0.0002
0.0000 0.0013 0.0002 0.0000 0.0000 0.0000 0.0000 0.0000 0.9004 0.0000 0.0000 0.0000 0.0000 0.0000 0.0000 0.0001 0.0000 0.0000 0.0000 0.0164 0.0207 0.0000 0.0000 0.0000 0.0000 0.9985 0.0004 0.0732 0.4744 0.8174 0.8859 0.0075 0.0464 0.0281 0.0018 0.0001 0.0008 0.0006
0.0001 0.0832 0.0005 0.0000 0.0000 0.0000 0.0000 0.0000 1.0000 0.0000 0.0000 0.0000 0.0000 0.0000 0.0000 0.0002 0.0000 0.0000 0.0002 0.0171 0.0074 0.0005 0.0003 0.0000 0.0001 0.9999 0.0004 0.2536 0.5706 0.8463 0.9017 0.0085 0.0234 0.0160 0.0023 0.0002 0.0006 0.0004
0.0014 0.0614 0.0006 0.0000 0.0000 0.0000 0.0002 0.0000 0.9995 0.0000 0.0000 0.0000 0.0000 0.0001 0.0000 0.0005 0.0000 0.0000 0.0010 0.0060 0.0046 0.0184 0.0130 0.0001 0.0006 0.9996 0.0012 0.2701 0.4575 0.8139 0.8744 0.0306 0.0576 0.0226 0.0037 0.0013 0.0263 0.0008
0.0000 0.0224 0.0003 0.0000 0.0000 0.0000 0.0000 0.0000 0.8971 0.0000 0.0000 0.0000 0.0000 0.0000 0.0000 0.0002 0.0000 0.0000 0.0000 0.0296 0.0231 0.0002 0.0001 0.0000 0.0000 0.9915 0.0004 0.1215 0.4830 0.7051 0.9003 0.0324 0.1218 0.0243 0.0021 0.0003 0.0008 0.0005
0.0001 0.0322 0.0003 0.0000 0.0000 0.0000 0.0000 0.0000 0.9984 0.0000 0.0000 0.0000 0.0000 0.0000 0.0000 0.0001 0.0000 0.0000 0.0000 0.0095 0.0154 0.0010 0.0006 0.0000 0.0002 0.9994 0.0001 0.3673 0.4886 0.7400 0.8997 0.0162 0.0444 0.0168 0.0026 0.0005 0.0038 0.0004
0.0000 0.0006 0.0002 0.0000 0.0000 0.0000 0.0000 0.0000 0.8987 0.0000 0.0000 0.0000 0.0000 0.0000 0.0000 0.0000 0.0000 0.0000 0.0000 0.0193 0.0099 0.0000 0.0000 0.0000 0.0000 0.9974 0.0003 0.0495 0.4670 0.8077 0.9409 0.0193 0.2101 0.0308 0.0020 0.0001 0.0003 0.0007
0.0000 0.0031 0.0002 0.0000 0.0000 0.0000 0.0000 0.0000 0.9993 0.0000 0.0000 0.0000 0.0000 0.0000 0.0000 0.0001 0.0000 0.0000 0.0000 0.0245 0.0275 0.0001 0.0000 0.0000 0.0000 0.9998 0.0000 0.1539 0.6163 0.9915 0.9988 0.0003 0.0188 0.0143 0.0011 0.0001 0.0009 0.0004
0.0000 0.0045 0.0002 0.0000 0.0000 0.0000 0.0000 0.0000 0.9328 0.0000 0.0000 0.0000 0.0000 0.0000 0.0000 0.0001 0.0000 0.0000 0.0000 0.0198 0.0216 0.0001 0.0001 0.0000 0.0000 0.9992 0.0001 0.2250 0.5995 0.9097 0.9717 0.0051 0.0368 0.0205 0.0014 0.0001 0.0008 0.0003
0.0000 0.0026 0.0002 0.0000 0.0000 0.0000 0.0000 0.0000 0.9999 0.0000 0.0000 0.0000 0.0000 0.0000 0.0000 0.0000 0.0000 0.0000 0.0000 0.0149 0.0146 0.0001 0.0000 0.0000 0.0000 0.9998 0.0000 0.1475 0.6718 0.9257 0.9679 0.0052 0.0247 0.0125 0.0014 0.0001 0.0005 0.0002
0.0000 0.0550 0.0003 0.0000 0.0000 0.0000 0.0000 0.0000 0.9968 0.0000 0.0000 0.0000 0.0000 0.0000 0.0000 0.0001 0.0000 0.0000 0.0001 0.0104 0.0141 0.0004 0.0003 0.0000 0.0001 0.9994 0.0002 0.2650 0.3575 0.7229 0.9030 0.0313 0.1615 0.0260 0.0025 0.0002 0.0009 0.0004
0.0000 0.0013 0.0002 0.0000 0.0000 0.0000 0.0000 0.0000 1.0000 0.0000 0.0000 0.0000 0.0000 0.0000 0.0000 0.0000 0.0000 0.0000 0.0000 0.0219 0.0202 0.0000 0.0000 0.0000 0.0000 0.9999 0.0000 0.0746 0.6037 0.9895 0.9996 0.0002 0.1158 0.0184 0.0010 0.0001 0.0006 0.0003
0.0002 0.0175 0.0003 0.0000 0.0000 0.0000 0.0000 0.0000 0.9998 0.0000 0.0000 0.0000 0.0000 0.0000 0.0000 0.0001 0.0000 0.0000 0.0001 0.0206 0.0155 0.0024 0.0014 0.0000 0.0002 0.9996 0.0001 0.1312 0.5415 0.8858 0.9572 0.0070 0.0505 0.0208 0.0016 0.0006 0.0052 0.0005
0.0000 0.0084 0.0003 0.0000 0.0000 0.0000 0.0000 0.0000 0.9995 0.0000 0.0000 0.0000 0.0000 0.0000 0.0000 0.0000 0.0000 0.0000 0.0000 0.0271 0.0203 0.0001 0.0000 0.0000 0.0000 0.9997 0.0000 0.1183 0.4499 0.8864 0.9364 0.0058 0.0316 0.0271 0.0017 0.0001 0.0006 0.0006
0.0000 0.0297 0.0003 0.0000 0.0000 0.0000 0.0000 0.0000 1.0000 0.0000 0.0000 0.0000 0.0000 0.0000 0.0000 0.0001 0.0000 0.0000 0.0000 0.0209 0.0174 0.0002 0.0001 0.0000 0.0000 0.9998 0.0001 0.1952 0.5869 0.8418 0.9464 0.0078 0.0247 0.0131 0.0013 0.0001 0.0007 0.0003
0.0000 0.0492 0.0004 0.0000 0.0000 0.0000 0.0000 0.0000 0.9999 0.0000 0.0000 0.0000 0.0000 0.0000 0.0000 0.0001 0.0000 0.0000 0.0001 0.0243 0.0144 0.0003 0.0002 0.0000 0.0001 0.9998 0.0002 0.2565 0.4247 0.8349 0.9323 0.0078 0.0447 0.0246 0.0021 0.0001 0.0006 0.0008
0.0001 0.0028 0.0002 0.0000 0.0000 0.0000 0.0000 0.0000 0.9999 0.0000 0.0000 0.0000 0.0000 0.0000 0.0000 0.0001 0.0000 0.0000 0.0000 0.0266 0.0346 0.0006 0.0004 0.0000 0.0001 0.9998 0.0000 0.0615 0.6725 0.9295 0.9805 0.0039 0.0193 0.0143 0.0015 0.0003 0.0028 0.0004
0.0000 0.0262 0.0003 0.0000 0.0000 0.0000 0.0000 0.0000 0.9969 0.0000 0.0000 0.0000 0.0000 0.0000 0.0000 0.0001 0.0000 0.0000 0.0000 0.0096 0.0113 0.0002 0.0001 0.0000 0.0000 0.9993 0.0001 0.1628 0.4572 0.7693 0.8786 0.0159 0.0526 0.0247 0.0021 0.0001 0.0006 0.0003
0.0000 0.0021 0.0002 0.0000 0.0000 0.0000 0.0000 0.0000 0.8000 0.0000 0.0000 0.0000 0.0000 0.0000 0.0000 0.0002 0.0000 0.0000 0.0000 0.0248 0.0190 0.0001 0.0001 0.0000 0.0000 0.9847 0.0012 0.1251 0.6877 0.7854 0.9057 0.0102 0.1369 0.0105 0.0017 0.0004 0.0006 0.0005
0.0001 0.0028 0.0002 0.0000 0.0000 0.0000 0.0000 0.0000 0.9999 0.0000 0.0000 0.0000 0.0000 0.0000 0.0000 0.0001 0.0000 0.0000 0.0000 0.0308 0.0203 0.0006 0.0005 0.0000 0.0001 0.9998 0.0000 0.0433 0.6612 0.9952 0.9996 0.0002 0.0751 0.0190 0.0014 0.0004 0.0031 0.0006
0.0000 0.0024 0.0002 0.0000 0.0000 0.0000 0.0000 0.0000 0.9941 0.0000 0.0000 0.0000 0.0000 0.0000 0.0000 0.0001 0.0000 0.0000 0.0000 0.0134 0.0138 0.0005 0.0004 0.0000 0.0001 0.9991 0.0001 0.0599 0.5207 0.7526 0.8622 0.0137 0.0574 0.0191 0.0023 0.0003 0.0020 0.0003
0.0000 0.0292 0.0004 0.0000 0.0000 0.0000 0.0000 0.0000 0.9010 0.0000 0.0000 0.0000 0.0000 0.0000 0.0000 0.0001 0.0000 0.0000 0.0001 0.0112 0.0124 0.0004 0.0003 0.0000 0.0001 0.9987 0.0004 0.1823 0.3308 0.8686 0.8899 0.0067 0.0831 0.0297 0.0023 0.0002 0.0009 0.0004
0.0000 0.0055 0.0002 0.0000 0.0000 0.0000 0.0000 0.0000 0.9974 0.0000 0.0000 0.0000 0.0000 0.0000 0.0000 0.0001 0.0000 0.0000 0.0000 0.0121 0.0093 0.0001 0.0001 0.0000 0.0000 0.9992 0.0001 0.1872 0.5983 0.7479 0.8567 0.0162 0.1552 0.0157 0.0022 0.0001 0.0005 0.0002
0.0000 0.0038 0.0002 0.0000 0.0000 0.0000 0.0000 0.0000 1.0000 0.0000 0.0000 0.0000 0.0000 0.0000 0.0000 0.0001 0.0000 0.0000 0.0000 0.0251 0.0278 0.0005 0.0003 0.0000 0.0001 0.9999 0.0000 0.1714 0.5082 0.9963 0.9993 0.0002 0.0616 0.0263 0.0017 0.0002 0.0022 0.0006
0.0000 0.0013 0.0002 0.0000 0.0000 0.0000 0.0000 0.0000 0.9737 0.0000 0.0000 0.0000 0.0000 0.0000 0.0000 0.0001 0.0000 0.0000 0.0000 0.0189 0.0158 0.0001 0.0001 0.0000 0.0000 0.9989 0.0001 0.0445 0.4461 0.7842 0.9395 0.0382 0.0798 0.0272 0.0019 0.0001 0.0008 0.0005
0.0001 0.0028 0.0002 0.0000 0.0000 0.0000 0.0000 0.0000 0.9995 0.0000 0.0000 0.0000 0.0000 0.0000 0.0000 0.0001 0.0000 0.0000 0.0000 0.0165 0.0190 0.0011 0.0006 0.0000 0.0001 0.9997 0.0000 0.0738 0.5342 0.9630 0.9995 0.0003 0.1592 0.0212 0.0018 0.0005 0.0041 0.0003
0.0000 0.0015 0.0002 0.0000 0.0000 0.0000 0.0000 0.0000 0.9989 0.0000 0.0000 0.0000 0.0000 0.0000 0.0000 0.0001 0.0000 0.0000 0.0000 0.0096 0.0101 0.0001 0.0001 0.0000 0.0000 0.9995 0.0001 0.0882 0.6410 0.7444 0.9057 0.0084 0.0771 0.0216 0.0019 0.0001 0.0006 0.0002
0.0000 0.0436 0.0004 0.0000 0.0000 0.0000 0.0000 0.0000 0.8999 0.0000 0.0000 0.0000 0.0000 0.0000 0.0000 0.0001 0.0000 0.0000 0.0001 0.0101 0.0223 0.0003 0.0002 0.0000 0.0001 0.9938 0.0026 0.2422 0.6348 0.7126 0.8395 0.0142 0.0197 0.0130 0.0034 0.0003 0.0009 0.0004
0.0027 0.0124 0.0006 0.0000 0.0000 0.0000 0.0003 0.0000 0.9466 0.0000 0.0001 0.0000 0.0000 0.0001 0.0000 0.0008 0.0000 0.0000 0.0018 0.0418 0.0254 0.0488 0.0257 0.0001 0.0011 0.9991 0.0023 0.1247 0.6485 0.9877 0.9976 0.0007 0.0428 0.0278 0.0038 0.0012 0.0349 0.0020
0.0000 0.0040 0.0003 0.0000 0.0000 0.0000 0.0000 0.0000 0.9999 0.0000 0.0000 0.0000 0.0000 0.0000 0.0000 0.0000 0.0000 0.0000 0.0000 0.0160 0.0068 0.0001 0.0000 0.0000 0.0000 0.9997 0.0000 0.1120 0.4997 0.9080 0.9639 0.0051 0.0475 0.0190 0.0019 0.0001 0.0004 0.0004
0.0001 0.0277 0.0003 0.0000 0.0000 0.0000 0.0000 0.0000 0.9996 0.0000 0.0000 0.0000 0.0000 0.0000 0.0000 0.0001 0.0000 0.0000 0.0000 0.0234 0.0120 0.0011 0.0007 0.0000 0.0002 0.9997 0.0001 0.1500 0.6500 0.8699 0.9182 0.0088 0.1086 0.0106 0.0017 0.0005 0.0036 0.0003
0.0004 0.0100 0.0004 0.0000 0.0000 0.0000 0.0001 0.0000 0.8136 0.0000 0.0000 0.0000 0.0000 0.0000 0.0000 0.0003 0.0000 0.0000 0.0001 0.0252 0.0179 0.0103 0.0055 0.0000 0.0007 0.9918 0.0007 0.2158 0.6315 0.8536 0.9318 0.0087 0.1010 0.0168 0.0024 0.0008 0.0098 0.0007
0.0002 0.0282 0.0005 0.0000 0.0000 0.0000 0.0001 0.0000 0.9999 0.0000 0.0000 0.0000 0.0000 0.0000 0.0000 0.0002 0.0000 0.0000 0.0001 0.0195 0.0097 0.0064 0.0033 0.0000 0.0007 0.9997 0.0001 0.2391 0.6015 0.8802 0.9361 0.0076 0.0232 0.0196 0.0022 0.0006 0.0060 0.0006
0.0000 0.0018 0.0002 0.0000 0.0000 0.0000 0.0000 0.0000 0.9997 0.0000 0.0000 0.0000 0.0000 0.0000 0.0000 0.0000 0.0000 0.0000 0.0000 0.0084 0.0094 0.0001 0.0000 0.0000 0.0000 0.9998 0.0000 0.1044 0.5050 0.8939 0.9608 0.0026 0.1884 0.0167 0.0017 0.0001 0.0005 0.0002
0.0000 0.0007 0.0003 0.0000 0.0000 0.0000 0.0000 0.0000 0.8999 0.0000 0.0000 0.0000 0.0000 0.0000 0.0000 0.0002 0.0000 0.0000 0.0000 0.0210 0.0304 0.0000 0.0001 0.0000 0.0000 0.9886 0.0007 0.0346 0.6392 0.8487 0.9485 0.0060 0.1059 0.0116 0.0014 0.0003 0.0008 0.0004
0.0002 0.0052 0.0004 0.0000 0.0000 0.0000 0.0001 0.0000 0.9999 0.0000 0.0000 0.0000 0.0000 0.0000 0.0000 0.0002 0.0000 0.0000 0.0001 0.0153 0.0103 0.0042 0.0027 0.0000 0.0004 0.9997 0.0001 0.1097 0.6447 0.9683 0.9909 0.0008 0.0127 0.0140 0.0019 0.0006 0.0062 0.0004
0.0000 0.0410 0.0003 0.0000 0.0000 0.0000 0.0000 0.0000 1.0000 0.0000 0.0000 0.0000 0.0000 0.0000 0.0000 0.0001 0.0000 0.0000 0.0001 0.0105 0.0122 0.0002 0.0002 0.0000 0.0001 0.9997 0.0001 0.2215 0.6246 0.8786 0.9650 0.0053 0.0259 0.0111 0.0013 0.0001 0.0006 0.0002
0.0000 0.0290 0.0003 0.0000 0.0000 0.0000 0.0000 0.0000 0.9047 0.0000 0.0000 0.0000 0.0000 0.0000 0.0000 0.0001 0.0000 0.0000 0.0000 0.0216 0.0089 0.0002 0.0001 0.0000 0.0000 0.9985 0.0003 0.1403 0.6452 0.8670 0.9082 0.0153 0.0534 0.0135 0.0018 0.0001 0.0003 0.0003
0.0001 0.0024 0.0003 0.0000 0.0000 0.0000 0.0000 0.0000 0.9005 0.0000 0.0000 0.0000 0.0000 0.0000 0.0000 0.0001 0.0000 0.0000 0.0000 0.0316 0.0175 0.0011 0.0006 0.0000 0.0002 0.9984 0.0012 0.0415 0.5165 0.9013 0.9139 0.0022 0.0615 0.0249 0.0021 0.0005 0.0036 0.0009
0.0000 0.0148 0.0003 0.0000 0.0000 0.0000 0.0000 0.0000 0.9118 0.0000 0.0000 0.0000 0.0000 0.0000 0.0000 0.0001 0.0000 0.0000 0.0000 0.0319 0.0189 0.0001 0.0001 0.0000 0.0000 0.9991 0.0003 0.1290 0.6231 0.8446 0.9106 0.0048 0.0676 0.0164 0.0016 0.0001 0.0007 0.0006
0.0000 0.0009 0.0003 0.0000 0.0000 0.0000 0.0000 0.0000 0.9003 0.0000 0.0000 0.0000 0.0000 0.0000 0.0000 0.0000 0.0000 0.0000 0.0000 0.0293 0.0089 0.0000 0.0000 0.0000 0.0000 0.9984 0.0005 0.0808 0.4986 0.8186 0.9158 0.0043 0.0620 0.0302 0.0017 0.0001 0.0003 0.0007
0.0000 0.0200 0.0003 0.0000 0.0000 0.0000 0.0000 0.0000 0.9997 0.0000 0.0000 0.0000 0.0000 0.0000 0.0000 0.0001 0.0000 0.0000 0.0000 0.0135 0.0100 0.0002 0.0001 0.0000 0.0000 0.9997 0.0001 0.1927 0.6217 0.8530 0.9569 0.0172 0.0123 0.0145 0.0014 0.0001 0.0005 0.0003
0.0000 0.0284 0.0004 0.0000 0.0000 0.0000 0.0000 0.0000 0.7836 0.0000 0.0000 0.0000 0.0000 0.0000 0.0000 0.0002 0.0000 0.0000 0.0001 0.0096 0.0145 0.0003 0.0002 0.0000 0.0001 0.9874 0.0007 0.1897 0.5489 0.6424 0.8712 0.0594 0.1965 0.0188 0.0026 0.0003 0.0008 0.0004
0.0001 0.0582 0.0004 0.0000 0.0000 0.0000 0.0000 0.0000 1.0000 0.0000 0.0000 0.0000 0.0000 0.0000 0.0000 0.0002 0.0000 0.0000 0.0001 0.0114 0.0192 0.0011 0.0007 0.0000 0.0002 0.9999 0.0002 0.4278 0.5805 0.9123 0.9300 0.0074 0.0398 0.0139 0.0020 0.0004 0.0032 0.0005
0.0000 0.0004 0.0003 0.0000 0.0000 0.0000 0.0000 0.0000 1.0000 0.0000 0.0000 0.0000 0.0000 0.0000 0.0000 0.0000 0.0000 0.0000 0.0000 0.0242 0.0132 0.0000 0.0000 0.0000 0.0000 0.9999 0.0000 0.0239 0.6498 0.9622 0.9992 0.0003 0.0130 0.0177 0.0012 0.0000 0.0003 0.0002
0.0001 0.0423 0.0005 0.0000 0.0000 0.0000 0.0000 0.0000 0.9000 0.0000 0.0000 0.0000 0.0000 0.0000 0.0000 0.0003 0.0000 0.0000 0.0001 0.0340 0.0315 0.0002 0.0002 0.0000 0.0001 0.9880 0.0008 0.1094 0.6228 0.8428 0.9227 0.0064 0.0763 0.0190 0.0021 0.0004 0.0011 0.0008
0.0001 0.0037 0.0002 0.0000 0.0000 0.0000 0.0000 0.0000 0.8987 0.0000 0.0000 0.0000 0.0000 0.0000 0.0000 0.0002 0.0000 0.0000 0.0000 0.0159 0.0102 0.0033 0.0014 0.0000 0.0004 0.9930 0.0005 0.1071 0.7995 0.8142 0.8838 0.0067 0.1118 0.0095 0.0019 0.0006 0.0034 0.0003
0.0000 0.0622 0.0004 0.0000 0.0000 0.0000 0.0000 0.0000 1.0000 0.0000 0.0000 0.0000 0.0000 0.0000 0.0000 0.0001 0.0000 0.0000 0.0001 0.0208 0.0149 0.0003 0.0002 0.0000 0.0001 0.9998 0.0002 0.3325 0.5093 0.8399 0.9424 0.0088 0.0240 0.0188 0.0015 0.0002 0.0008 0.0005
0.0000 0.0008 0.0001 0.0000 0.0000 0.0000 0.0000 0.0000 0.9998 0.0000 0.0000 0.0000 0.0000 0.0000 0.0000 0.0000 0.0000 0.0000 0.0000 0.0131 0.0200 0.0000 0.0000 0.0000 0.0000 0.9995 0.0000 0.0535 0.7417 0.8456 0.9372 0.0066 0.0416 0.0133 0.0012 0.0001 0.0005 0.0002
0.0000 0.0017 0.0002 0.0000 0.0000 0.0000 0.0000 0.0000 0.9991 0.0000 0.0000 0.0000 0.0000 0.0000 0.0000 0.0001 0.0000 0.0000 0.0000 0.0135 0.0128 0.0001 0.0001 0.0000 0.0000 0.9996 0.0001 0.1098 0.6834 0.9018 0.9289 0.0020 0.0263 0.0209 0.0013 0.0001 0.0007 0.0003
0.0000 0.0005 0.0003 0.0000 0.0000 0.0000 0.0000 0.0000 0.9846 0.0000 0.0000 0.0000 0.0000 0.0000 0.0000 0.0000 0.0000 0.0000 0.0000 0.0270 0.0118 0.0000 0.0000 0.0000 0.0000 0.9990 0.0001 0.0144 0.6988 0.8299 0.8979 0.0168 0.0336 0.0123 0.0018 0.0001 0.0003 0.0002
0.0001 0.0440 0.0004 0.0000 0.0000 0.0000 0.0000 0.0000 1.0000 0.0000 0.0000 0.0000 0.0000 0.0000 0.0000 0.0001 0.0000 0.0000 0.0001 0.0126 0.0111 0.0019 0.0010 0.0000 0.0003 0.9998 0.0002 0.1934 0.5516 0.8355 0.9508 0.0060 0.0354 0.0203 0.0021 0.0005 0.0035 0.0004
0.0000 0.0207 0.0003 0.0000 0.0000 0.0000 0.0000 0.0000 0.9845 0.0000 0.0000 0.0000 0.0000 0.0000 0.0000 0.0001 0.0000 0.0000 0.0000 0.0087 0.0121 0.0002 0.0001 0.0000 0.0001 0.9991 0.0004 0.2764 0.5302 0.8346 0.9405 0.0050 0.1404 0.0171 0.0023 0.0001 0.0008 0.0003
0.0000 0.0022 0.0002 0.0000 0.0000 0.0000 0.0000 0.0000 0.9990 0.0000 0.0000 0.0000 0.0000 0.0000 0.0000 0.0000 0.0000 0.0000 0.0000 0.0141 0.0130 0.0001 0.0000 0.0000 0.0000 0.9994 0.0000 0.1556 0.6876 0.8996 0.9337 0.0105 0.0274 0.0125 0.0014 0.0001 0.0004 0.0002
0.0002 0.0315 0.0003 0.0000 0.0000 0.0000 0.0000 0.0000 1.0000 0.0000 0.0000 0.0000 0.0000 0.0000 0.0000 0.0002 0.0000 0.0000 0.0001 0.0205 0.0202 0.0020 0.0012 0.0000 0.0002 0.9999 0.0001 0.1634 0.7417 0.9611 0.9633 0.0038 0.0604 0.0073 0.0014 0.0006 0.0050 0.0004
0.0001 0.0331 0.0003 0.0000 0.0000 0.0000 0.0000 0.0000 0.9995 0.0000 0.0000 0.0000 0.0000 0.0000 0.0000 0.0001 0.0000 0.0000 0.0002 0.0248 0.0161 0.0014 0.0006 0.0000 0.0002 0.9994 0.0002 0.1407 0.7989 0.7930 0.9268 0.0183 0.0122 0.0076 0.0017 0.0003 0.0013 0.0002
0.0000 0.0013 0.0002 0.0000 0.0000 0.0000 0.0000 0.0000 0.9997 0.0000 0.0000 0.0000 0.0000 0.0000 0.0000 0.0000 0.0000 0.0000 0.0000 0.0174 0.0125 0.0001 0.0001 0.0000 0.0000 0.9997 0.0000 0.0539 0.5276 0.9067 0.9575 0.0049 0.0660 0.0228 0.0016 0.0001 0.0007 0.0003
0.0009 0.0016 0.0065 0.0003 0.0003 0.0002 0.0014 0.0033 0.8997 0.0004 0.0005 0.0016 0.0004 0.0008 0.0007 0.0015 0.0003 0.0001 0.0013 0.0709 0.0767 0.0002 0.0010 0.0048 0.0004 0.9431 0.0136 0.0836 0.5208 0.8618 0.9295 0.0073 0.0853 0.0296 0.0037 0.0051 0.0453 0.0057
0.0000 0.0286 0.0003 0.0000 0.0000 0.0000 0.0000 0.0000 0.9999 0.0000 0.0000 0.0000 0.0000 0.0000 0.0000 0.0001 0.0000 0.0000 0.0001 0.0111 0.0108 0.0004 0.0003 0.0000 0.0001 0.9996 0.0001 0.2234 0.5498 0.8892 0.9470 0.0087 0.0396 0.0191 0.0014 0.0001 0.0008 0.0003
0.0000 0.0087 0.0002 0.0000 0.0000 0.0000 0.0000 0.0000 0.9998 0.0000 0.0000 0.0000 0.0000 0.0000 0.0000 0.0001 0.0000 0.0000 0.0000 0.0139 0.0129 0.0001 0.0001 0.0000 0.0000 0.9998 0.0000 0.1703 0.5698 0.8970 0.9596 0.0037 0.0558 0.0181 0.0017 0.0001 0.0007 0.0004
0.0000 0.0003 0.0002 0.0000 0.0000 0.0000 0.0000 0.0000 0.9994 0.0000 0.0000 0.0000 0.0000 0.0000 0.0000 0.0000 0.0000 0.0000 0.0000 0.0260 0.0123 0.0000 0.0000 0.0000 0.0000 0.9995 0.0001 0.0078 0.6125 0.9068 0.9750 0.0040 0.0156 0.0155 0.0011 0.0001 0.0003 0.0004
0.0001 0.0635 0.0004 0.0000 0.0000 0.0000 0.0000 0.0000 0.9999 0.0000 0.0000 0.0000 0.0000 0.0000 0.0000 0.0002 0.0000 0.0000 0.0001 0.0167 0.0078 0.0005 0.0004 0.0000 0.0001 0.9997 0.0002 0.3902 0.3847 0.8088 0.8952 0.0135 0.1461 0.0211 0.0022 0.0003 0.0016 0.0007
0.0000 0.0037 0.0003 0.0000 0.0000 0.0000 0.0000 0.0000 0.9998 0.0000 0.0000 0.0000 0.0000 0.0000 0.0000 0.0000 0.0000 0.0000 0.0000 0.0035 0.0030 0.0001 0.0000 0.0000 0.0000 0.9995 0.0000 0.2388 0.5548 0.8389 0.9424 0.0093 0.0318 0.0147 0.0018 0.0001 0.0004 0.0002
0.0000 0.0435 0.0004 0.0000 0.0000 0.0000 0.0000 0.0000 0.9074 0.0000 0.0000 0.0000 0.0000 0.0000 0.0000 0.0001 0.0000 0.0000 0.0001 0.0153 0.0113 0.0003 0.0002 0.0000 0.0001 0.9986 0.0004 0.2374 0.7112 0.9152 0.9496 0.0047 0.0238 0.0095 0.0019 0.0002 0.0005 0.0003
0.0000 0.0027 0.0002 0.0000 0.0000 0.0000 0.0000 0.0000 0.9994 0.0000 0.0000 0.0000 0.0000 0.0000 0.0000 0.0001 0.0000 0.0000 0.0000 0.0138 0.0152 0.0001 0.0001 0.0000 0.0000 0.9995 0.0000 0.1872 0.6908 0.8229 0.9268 0.0066 0.0301 0.0115 0.0014 0.0001 0.0006 0.0002
0.0000 0.0070 0.0003 0.0000 0.0000 0.0000 0.0000 0.0000 0.9999 0.0000 0.0000 0.0000 0.0000 0.0000 0.0000 0.0000 0.0000 0.0000 0.0000 0.0147 0.0097 0.0001 0.0000 0.0000 0.0000 0.9997 0.0000 0.2244 0.5843 0.9045 0.9641 0.0055 0.0387 0.0151 0.0017 0.0001 0.0004 0.0002
0.0000 0.0038 0.0002 0.0000 0.0000 0.0000 0.0000 0.0000 0.9983 0.0000 0.0000 0.0000 0.0000 0.0000 0.0000 0.0001 0.0000 0.0000 0.0000 0.0138 0.0144 0.0001 0.0001 0.0000 0.0000 0.9993 0.0001 0.1292 0.6147 0.7549 0.9582 0.0249 0.1254 0.0196 0.0017 0.0002 0.0009 0.0002
0.0002 0.0042 0.0003 0.0000 0.0000 0.0000 0.0001 0.0000 0.8004 0.0000 0.0000 0.0000 0.0000 0.0000 0.0000 0.0002 0.0000 0.0000 0.0000 0.0230 0.0161 0.0038 0.0024 0.0000 0.0005 0.9956 0.0011 0.0739 0.7713 0.8077 0.8622 0.0066 0.0607 0.0119 0.0021 0.0008 0.0049 0.0006
0.0000 0.0005 0.0003 0.0000 0.0000 0.0000 0.0000 0.0000 0.9000 0.0000 0.0000 0.0000 0.0000 0.0000 0.0000 0.0001 0.0000 0.0000 0.0000 0.0192 0.0146 0.0000 0.0000 0.0000 0.0000 0.9936 0.0013 0.0314 0.6355 0.9109 0.9432 0.0036 0.0531 0.0172 0.0018 0.0002 0.0003 0.0003
0.0000 0.0191 0.0003 0.0000 0.0000 0.0000 0.0000 0.0000 0.9902 0.0000 0.0000 0.0000 0.0000 0.0000 0.0000 0.0001 0.0000 0.0000 0.0000 0.0187 0.0103 0.0001 0.0001 0.0000 0.0000 0.9990 0.0001 0.1005 0.5041 0.8663 0.8947 0.0138 0.0737 0.0183 0.0022 0.0001 0.0003 0.0002
0.0000 0.0012 0.0002 0.0000 0.0000 0.0000 0.0000 0.0000 0.8988 0.0000 0.0000 0.0000 0.0000 0.0000 0.0000 0.0001 0.0000 0.0000 0.0000 0.0164 0.0206 0.0000 0.0001 0.0000 0.0000 0.9954 0.0014 0.0509 0.6915 0.8200 0.9079 0.0209 0.0538 0.0184 0.0023 0.0002 0.0007 0.0003
0.0000 0.0019 0.0002 0.0000 0.0000 0.0000 0.0000 0.0000 0.9985 0.0000 0.0000 0.0000 0.0000 0.0000 0.0000 0.0000 0.0000 0.0000 0.0000 0.0157 0.0206 0.0000 0.0000 0.0000 0.0000 0.9995 0.0000 0.1259 0.4433 0.8316 0.9143 0.0093 0.1321 0.0303 0.0022 0.0001 0.0007 0.0004
0.0000 0.0013 0.0002 0.0000 0.0000 0.0000 0.0000 0.0000 0.9999 0.0000 0.0000 0.0000 0.0000 0.0000 0.0000 0.0001 0.0000 0.0000 0.0000 0.0184 0.0165 0.0000 0.0001 0.0000 0.0000 0.9997 0.0000 0.0682 0.6190 0.9554 0.9974 0.0006 0.0391 0.0173 0.0011 0.0001 0.0006 0.0003
0.0000 0.0022 0.0002 0.0000 0.0000 0.0000 0.0000 0.0000 1.0000 0.0000 0.0000 0.0000 0.0000 0.0000 0.0000 0.0000 0.0000 0.0000 0.0000 0.0190 0.0130 0.0001 0.0001 0.0000 0.0000 0.9997 0.0000 0.1014 0.6868 0.9237 0.9831 0.0049 0.1295 0.0106 0.0010 0.0001 0.0008 0.0001
0.0004 0.0071 0.0003 0.0000 0.0000 0.0000 0.0001 0.0000 0.8999 0.0000 0.0000 0.0000 0.0000 0.0000 0.0000 0.0003 0.0000 0.0000 0.0001 0.0102 0.0125 0.0062 0.0042 0.0000 0.0005 0.9972 0.0004 0.0910 0.5168 0.6938 0.9357 0.0140 0.1779 0.0237 0.0026 0.0011 0.0100 0.0005
0.0005 0.0567 0.0007 0.0000 0.0000 0.0000 0.0002 0.0000 0.9999 0.0000 0.0000 0.0000 0.0000 0.0001 0.0000 0.0002 0.0000 0.0000 0.0007 0.0253 0.0131 0.0104 0.0048 0.0000 0.0013 0.9995 0.0007 0.2273 0.7368 0.9157 0.9719 0.0033 0.1271 0.0090 0.0039 0.0018 0.0055 0.0005
0.0000 0.0014 0.0002 0.0000 0.0000 0.0000 0.0000 0.0000 0.9752 0.0000 0.0000 0.0000 0.0000 0.0000 0.0000 0.0001 0.0000 0.0000 0.0000 0.0133 0.0140 0.0001 0.0001 0.0000 0.0000 0.9991 0.0003 0.0678 0.5686 0.9498 0.9812 0.0004 0.0634 0.0172 0.0016 0.0001 0.0007 0.0002
0.0000 0.0049 0.0003 0.0000 0.0000 0.0000 0.0000 0.0000 0.9368 0.0000 0.0000 0.0000 0.0000 0.0000 0.0000 0.0001 0.0000 0.0000 0.0000 0.0199 0.0135 0.0001 0.0001 0.0000 0.0000 0.9994 0.0002 0.1348 0.4554 0.9825 0.9962 0.0007 0.0672 0.0194 0.0018 0.0001 0.0007 0.0004
0.0000 0.0012 0.0002 0.0000 0.0000 0.0000 0.0000 0.0000 0.9997 0.0000 0.0000 0.0000 0.0000 0.0000 0.0000 0.0001 0.0000 0.0000 0.0000 0.0207 0.0149 0.0001 0.0001 0.0000 0.0000 0.9998 0.0000 0.0550 0.5582 0.9968 0.9994 0.0002 0.0334 0.0204 0.0015 0.0001 0.0007 0.0004
0.0001 0.0053 0.0003 0.0000 0.0000 0.0000 0.0000 0.0000 0.8985 0.0000 0.0000 0.0000 0.0000 0.0000 0.0000 0.0002 0.0000 0.0000 0.0000 0.0095 0.0105 0.0045 0.0022 0.0000 0.0005 0.9972 0.0013 0.1757 0.4162 0.7145 0.8037 0.0123 0.0648 0.0280 0.0032 0.0005 0.0045 0.0005
0.0000 0.0008 0.0002 0.0000 0.0000 0.0000 0.0000 0.0000 0.9041 0.0000 0.0000 0.0000 0.0000 0.0000 0.0000 0.0000 0.0000 0.0000 0.0000 0.0142 0.0118 0.0000 0.0000 0.0000 0.0000 0.9985 0.0002 0.0363 0.4993 0.7402 0.8600 0.0145 0.0949 0.0194 0.0022 0.0001 0.0004 0.0001
0.0000 0.0053 0.0003 0.0000 0.0000 0.0000 0.0000 0.0000 0.8974 0.0000 0.0000 0.0000 0.0000 0.0000 0.0000 0.0000 0.0000 0.0000 0.0000 0.0272 0.0114 0.0000 0.0000 0.0000 0.0000 0.9980 0.0004 0.0992 0.6295 0.7397 0.8677 0.0085 0.0505 0.0138 0.0019 0.0001 0.0003 0.0003
0.0001 0.0012 0.0009 0.0000 0.0000 0.0000 0.0002 0.0001 0.8000 0.0000 0.0000 0.0001 0.0000 0.0001 0.0000 0.0003 0.0000 0.0000 0.0001 0.0814 0.0788 0.0001 0.0006 0.0001 0.0001 0.9667 0.0038 0.0932 0.6217 0.7610 0.9416 0.0078 0.1708 0.0211 0.0027 0.0009 0.0021 0.0008
0.0001 0.0514 0.0004 0.0000 0.0000 0.0000 0.0000 0.0000 0.9553 0.0000 0.0000 0.0000 0.0000 0.0000 0.0000 0.0001 0.0000 0.0000 0.0003 0.0156 0.0191 0.0006 0.0002 0.0000 0.0001 0.9993 0.0006 0.2216 0.5248 0.8202 0.8599 0.0142 0.0418 0.0191 0.0027 0.0002 0.0008 0.0005
