0.0095 0.0010 0.0005 0.0002 0.0001 0.0001 0.0053 0.0003 0.6166 0.0004 0.0026 0.0011 0.0005 0.0008 0.0005 0.0007 0.0001 0.0002 0.0177 0.0330 0.0368 0.0239 0.0184 0.0008 0.0011 0.9065 0.0944 0.0917 0.7503 0.4336 0.5106 0.1252 0.1828 0.0144 0.0403 0.0088 0.0036 0.0052
0.0050 0.0011 0.0005 0.0002 0.0001 0.0001 0.0021 0.0004 0.7611 0.0003 0.0017 0.0007 0.0003 0.0005 0.0004 0.0008 0.0001 0.0002 0.0143 0.0263 0.0396 0.0153 0.0129 0.0956 0.0990 0.9915 0.0106 0.2346 0.4091 0.6437 0.8545 0.0263 0.1536 0.0169 0.0114 0.0082 0.0926 0.0973
0.0156 0.0018 0.0011 0.0002 0.0001 0.0001 0.0020 0.0003 0.3004 0.0003 0.0023 0.0010 0.0003 0.0004 0.0004 0.0006 0.0001 0.0001 0.0148 0.0490 0.0592 0.0166 0.0096 0.0081 0.0093 0.8604 0.1448 0.0841 0.7748 0.4631 0.4671 0.2081 0.2175 0.0273 0.0170 0.0072 0.0105 0.0070
0.0045 0.0025 0.0012 0.0001 0.0002 0.0001 0.0019 0.0003 0.5680 0.0003 0.0017 0.0009 0.0005 0.0006 0.0006 0.0009 0.0001 0.0001 0.0064 0.0499 0.0965 0.0091 0.0215 0.1010 0.1018 0.9703 0.0220 0.1103 0.6636 0.8665 0.8875 0.0193 0.0573 0.0269 0.0128 0.0087 0.0990 0.1006
0.0046 0.0008 0.0006 0.0001 0.0001 0.0001 0.0024 0.0003 0.7813 0.0007 0.0021 0.0012 0.0004 0.0004 0.0007 0.0010 0.0001 0.0002 0.0141 0.0439 0.0468 0.0110 0.0108 0.0017 0.0018 0.9806 0.0116 0.1448 0.6555 0.8450 0.8603 0.0150 0.0568 0.0146 0.0161 0.0079 0.0039 0.0032
0.0043 0.0032 0.0011 0.0003 0.0002 0.0002 0.0025 0.0008 0.5937 0.0007 0.0025 0.0008 0.0005 0.0005 0.0007 0.0012 0.0002 0.0002 0.0191 0.0725 0.1140 0.0088 0.0090 0.0019 0.0016 0.9753 0.0132 0.0387 0.7122 0.8151 0.8441 0.0408 0.0616 0.0184 0.0144 0.0077 0.0042 0.0038
0.0043 0.0013 0.0005 0.0001 0.0001 0.0001 0.0024 0.0003 0.8760 0.0003 0.0020 0.0014 0.0003 0.0006 0.0004 0.0010 0.0001 0.0001 0.0109 0.0207 0.0219 0.0133 0.0076 0.0023 0.0022 0.9888 0.0071 0.3141 0.4804 0.8092 0.8464 0.0077 0.0610 0.0282 0.0077 0.0092 0.0048 0.0060
0.0068 0.0013 0.0008 0.0001 0.0001 0.0002 0.0033 0.0003 0.5892 0.0005 0.0023 0.0015 0.0005 0.0009 0.0005 0.0012 0.0002 0.0001 0.0128 0.0557 0.0585 0.0312 0.0193 0.0016 0.0034 0.9387 0.0678 0.0947 0.7499 0.6984 0.7641 0.1120 0.1419 0.0194 0.0228 0.0108 0.0045 0.0055
0.0076 0.0014 0.0007 0.0001 0.0001 0.0002 0.0031 0.0006 0.7538 0.0003 0.0023 0.0013 0.0005 0.0005 0.0008 0.0008 0.0001 0.0002 0.0340 0.0152 0.0574 0.0145 0.0125 0.0985 0.1001 0.9691 0.0390 0.0807 0.5588 0.5171 0.5712 0.0473 0.2168 0.0275 0.0199 0.0072 0.0906 0.0994
0.0043 0.0007 0.0006 0.0002 0.0002 0.0001 0.0019 0.0004 0.8271 0.0004 0.0017 0.0013 0.0004 0.0004 0.0006 0.0009 0.0002 0.0002 0.0106 0.0180 0.0271 0.0072 0.0219 0.0014 0.0011 0.9858 0.0243 0.0829 0.6374 0.6705 0.7778 0.0187 0.0639 0.0253 0.0158 0.0053 0.0022 0.0014
0.0045 0.0021 0.0010 0.0001 0.0001 0.0002 0.0030 0.0004 0.5634 0.0005 0.0016 0.0009 0.0004 0.0005 0.0005 0.0008 0.0001 0.0001 0.0097 0.0995 0.1084 0.0165 0.0148 0.1044 0.1030 0.9723 0.0363 0.0446 0.6751 0.7440 0.7853 0.0315 0.1219 0.0253 0.0164 0.0065 0.1042 0.1060
0.0099 0.0011 0.0007 0.0002 0.0001 0.0001 0.0041 0.0005 0.7470 0.0005 0.0021 0.0010 0.0006 0.0010 0.0006 0.0009 0.0002 0.0002 0.0228 0.0501 0.0314 0.0217 0.0222 0.0020 0.0062 0.9776 0.0341 0.1688 0.4694 0.5961 0.6898 0.1485 0.2196 0.0240 0.0144 0.0111 0.0064 0.0040
0.0063 0.0011 0.0009 0.0001 0.0002 0.0001 0.0031 0.0006 0.5048 0.0006 0.0011 0.0009 0.0004 0.0008 0.0006 0.0009 0.0001 0.0002 0.0073 0.0758 0.0579 0.0194 0.0098 0.1034 0.1002 0.9441 0.0428 0.1661 0.6973 0.5643 0.6810 0.0548 0.1730 0.0252 0.0139 0.0065 0.1028 0.0989
0.0085 0.0014 0.0010 0.0001 0.0001 0.0001 0.0032 0.0004 0.7119 0.0004 0.0021 0.0017 0.0004 0.0005 0.0004 0.0012 0.0001 0.0001 0.0085 0.0299 0.0334 0.0139 0.0090 0.0007 0.0015 0.8893 0.1479 0.1558 0.6965 0.6437 0.6750 0.0583 0.1160 0.0146 0.0117 0.0082 0.0027 0.0025
0.0062 0.0019 0.0008 0.0003 0.0002 0.0002 0.0017 0.0004 0.6015 0.0004 0.0020 0.0025 0.0006 0.0007 0.0006 0.0008 0.0001 0.0001 0.0142 0.0324 0.0180 0.0101 0.0193 0.1032 0.1026 0.9618 0.0407 0.2308 0.5954 0.4665 0.6373 0.0520 0.2388 0.0403 0.0241 0.0103 0.1033 0.1040
0.0047 0.0017 0.0007 0.0002 0.0001 0.0002 0.0031 0.0004 0.6797 0.0004 0.0025 0.0014 0.0005 0.0005 0.0008 0.0010 0.0001 0.0002 0.0141 0.0579 0.1045 0.0141 0.0181 0.0040 0.0061 0.9760 0.0171 0.1179 0.7077 0.7139 0.7736 0.0327 0.1647 0.0270 0.0108 0.0078 0.0086 0.0122
0.0037 0.0012 0.0007 0.0001 0.0002 0.0001 0.0028 0.0006 0.8665 0.0005 0.0022 0.0008 0.0006 0.0005 0.0005 0.0007 0.0001 0.0001 0.0077 0.0233 0.0223 0.0282 0.0143 0.0021 0.0072 0.9747 0.0115 0.1931 0.4418 0.7760 0.8647 0.0252 0.1874 0.0208 0.0142 0.0074 0.0096 0.0041
0.0044 0.0017 0.0009 0.0001 0.0001 0.0001 0.0025 0.0003 0.9028 0.0005 0.0016 0.0011 0.0004 0.0004 0.0006 0.0011 0.0001 0.0001 0.0147 0.0158 0.0168 0.0139 0.0153 0.0004 0.0004 0.9722 0.0170 0.1235 0.7010 0.6934 0.7703 0.0183 0.0912 0.0195 0.0093 0.0099 0.0037 0.0013
0.0156 0.0017 0.0013 0.0002 0.0001 0.0001 0.0029 0.0006 0.5611 0.0004 0.0023 0.0011 0.0004 0.0004 0.0007 0.0010 0.0001 0.0001 0.0139 0.0265 0.0650 0.0095 0.0165 0.1885 0.1752 0.9402 0.0371 0.1063 0.5878 0.5171 0.6591 0.1202 0.1930 0.0273 0.0140 0.0056 0.1798 0.1650
0.0069 0.0011 0.0005 0.0001 0.0001 0.0001 0.0031 0.0003 0.6919 0.0004 0.0026 0.0011 0.0004 0.0005 0.0005 0.0009 0.0001 0.0001 0.0205 0.0401 0.0305 0.0173 0.0144 0.0899 0.0720 0.9835 0.0356 0.0724 0.4990 0.5231 0.6451 0.0360 0.1319 0.0307 0.0181 0.0049 0.1013 0.0921
0.0054 0.0019 0.0008 0.0002 0.0001 0.0001 0.0019 0.0003 0.7014 0.0003 0.0017 0.0014 0.0006 0.0004 0.0007 0.0010 0.0001 0.0001 0.0105 0.0234 0.0352 0.0190 0.0125 0.0072 0.0077 0.9849 0.0152 0.1499 0.7006 0.7639 0.8023 0.0291 0.0548 0.0168 0.0140 0.0084 0.0067 0.0030
0.0052 0.0012 0.0004 0.0002 0.0001 0.0001 0.0026 0.0002 0.6176 0.0003 0.0022 0.0013 0.0004 0.0007 0.0004 0.0008 0.0001 0.0001 0.0058 0.0214 0.0634 0.0172 0.0140 0.0138 0.0247 0.9852 0.0102 0.1692 0.3363 0.6841 0.8680 0.0164 0.1691 0.0261 0.0113 0.0086 0.0207 0.0194
0.0105 0.0017 0.0014 0.0002 0.0002 0.0001 0.0025 0.0005 0.7667 0.0004 0.0021 0.0013 0.0006 0.0007 0.0005 0.0009 0.0001 0.0001 0.0071 0.0479 0.1037 0.0095 0.0094 0.0020 0.0021 0.8850 0.1127 0.1214 0.7046 0.7869 0.7893 0.0825 0.1345 0.0186 0.0176 0.0089 0.0046 0.0039
0.0053 0.0026 0.0009 0.0002 0.0001 0.0002 0.0018 0.0004 0.6535 0.0005 0.0027 0.0012 0.0007 0.0007 0.0009 0.0011 0.0001 0.0002 0.0100 0.0582 0.0658 0.0161 0.0111 0.0042 0.0047 0.9914 0.0054 0.0756 0.7330 0.9651 0.9735 0.0088 0.0296 0.0202 0.0134 0.0093 0.0118 0.0148
0.0133 0.0027 0.0007 0.0002 0.0001 0.0002 0.0047 0.0006 0.5345 0.0004 0.0027 0.0016 0.0007 0.0005 0.0009 0.0011 0.0001 0.0001 0.0157 0.0400 0.0490 0.0158 0.0179 0.0971 0.0923 0.8995 0.0682 0.1580 0.7961 0.7248 0.7559 0.0817 0.1530 0.0184 0.0148 0.0091 0.0996 0.0662
0.0057 0.0021 0.0012 0.0001 0.0001 0.0001 0.0027 0.0002 0.7276 0.0005 0.0022 0.0010 0.0004 0.0007 0.0006 0.0010 0.0001 0.0001 0.0123 0.0310 0.0287 0.0088 0.0079 0.0007 0.0022 0.9606 0.0217 0.1479 0.7642 0.5975 0.6705 0.0578 0.0767 0.0147 0.0239 0.0064 0.0047 0.0027
0.0024 0.0007 0.0005 0.0001 0.0001 0.0001 0.0014 0.0003 0.7859 0.0007 0.0019 0.0007 0.0003 0.0004 0.0008 0.0007 0.0001 0.0001 0.0093 0.0510 0.0660 0.0097 0.0153 0.0026 0.0028 0.9911 0.0058 0.2674 0.6389 0.8965 0.9864 0.0113 0.0497 0.0185 0.0059 0.0042 0.0099 0.0040
0.0061 0.0013 0.0010 0.0002 0.0001 0.0001 0.0027 0.0004 0.8981 0.0004 0.0018 0.0018 0.0006 0.0009 0.0003 0.0007 0.0001 0.0002 0.0325 0.0124 0.0102 0.0168 0.0106 0.0043 0.0118 0.9757 0.0248 0.1287 0.4731 0.7715 0.8508 0.0110 0.0898 0.0276 0.0086 0.0050 0.0120 0.0075
0.0060 0.0014 0.0011 0.0002 0.0002 0.0001 0.0019 0.0004 0.8090 0.0006 0.0019 0.0019 0.0004 0.0007 0.0006 0.0018 0.0001 0.0001 0.0194 0.0293 0.0399 0.0217 0.0111 0.1026 0.0953 0.9930 0.0062 0.1899 0.4877 0.8536 0.9315 0.0120 0.0820 0.0399 0.0086 0.0089 0.1023 0.1053
0.0047 0.0011 0.0005 0.0001 0.0001 0.0001 0.0037 0.0004 0.5072 0.0003 0.0016 0.0010 0.0005 0.0006 0.0004 0.0006 0.0001 0.0001 0.0046 0.0928 0.0874 0.0122 0.0122 0.0988 0.1003 0.9590 0.0281 0.1521 0.5308 0.8174 0.8661 0.0295 0.1184 0.0252 0.0115 0.0047 0.0842 0.0969
0.0036 0.0028 0.0013 0.0001 0.0001 0.0001 0.0037 0.0004 0.6969 0.0004 0.0030 0.0015 0.0005 0.0004 0.0007 0.0010 0.0001 0.0001 0.0130 0.0465 0.0401 0.0122 0.0130 0.0007 0.0019 0.9767 0.0210 0.0997 0.7373 0.7986 0.8255 0.0648 0.1249 0.0353 0.0094 0.0037 0.0039 0.0023
0.0051 0.0013 0.0007 0.0002 0.0001 0.0001 0.0031 0.0003 0.9177 0.0006 0.0027 0.0012 0.0004 0.0006 0.0006 0.0010 0.0001 0.0001 0.0136 0.0165 0.0192 0.0152 0.0183 0.0013 0.0016 0.9902 0.0088 0.1409 0.5599 0.7224 0.7880 0.0199 0.0435 0.0176 0.0111 0.0073 0.0107 0.0051
0.0097 0.0012 0.0006 0.0001 0.0002 0.0002 0.0030 0.0003 0.8137 0.0005 0.0049 0.0008 0.0005 0.0009 0.0005 0.0007 0.0001 0.0002 0.0170 0.0521 0.0289 0.0118 0.0200 0.0026 0.0038 0.9781 0.0222 0.1807 0.5308 0.7027 0.7296 0.0774 0.1305 0.0246 0.0172 0.0059 0.0057 0.0047
0.0082 0.0019 0.0012 0.0002 0.0001 0.0001 0.0029 0.0005 0.3218 0.0004 0.0024 0.0018 0.0006 0.0006 0.0006 0.0011 0.0001 0.0001 0.0072 0.0746 0.0495 0.0095 0.0144 0.1859 0.1800 0.9371 0.0604 0.1302 0.5039 0.6220 0.7486 0.0578 0.1192 0.0306 0.0133 0.0047 0.1883 0.1942
0.0082 0.0014 0.0007 0.0002 0.0001 0.0001 0.0023 0.0004 0.6820 0.0005 0.0028 0.0010 0.0005 0.0004 0.0007 0.0007 0.0001 0.0001 0.0170 0.0312 0.0404 0.0177 0.0165 0.0037 0.0038 0.9647 0.0614 0.0924 0.5502 0.6181 0.6917 0.0733 0.2097 0.0214 0.0144 0.0083 0.0104 0.0092
0.0040 0.0020 0.0011 0.0002 0.0002 0.0001 0.0020 0.0004 0.5942 0.0005 0.0019 0.0012 0.0004 0.0005 0.0006 0.0013 0.0002 0.0001 0.0084 0.0907 0.1163 0.0094 0.0125 0.0029 0.0050 0.9802 0.0218 0.0493 0.7144 0.6962 0.7771 0.0503 0.2110 0.0158 0.0112 0.0061 0.0056 0.0045
0.0029 0.0012 0.0007 0.0001 0.0001 0.0001 0.0021 0.0003 0.6510 0.0004 0.0023 0.0010 0.0005 0.0004 0.0006 0.0008 0.0001 0.0001 0.0091 0.0408 0.0673 0.0124 0.0101 0.0376 0.0337 0.9942 0.0047 0.1162 0.4993 0.8926 0.9382 0.0156 0.0798 0.0173 0.0082 0.0099 0.0224 0.0340
0.0058 0.0018 0.0007 0.0002 0.0001 0.0001 0.0028 0.0003 0.7061 0.0004 0.0018 0.0020 0.0004 0.0004 0.0007 0.0014 0.0001 0.0001 0.0169 0.0361 0.0525 0.0090 0.0111 0.0028 0.0008 0.9762 0.0424 0.0627 0.7558 0.7360 0.7907 0.0559 0.0681 0.0160 0.0174 0.0074 0.0029 0.0029
0.0046 0.0015 0.0006 0.0002 0.0001 0.0002 0.0020 0.0005 0.8654 0.0004 0.0014 0.0014 0.0004 0.0003 0.0005 0.0007 0.0001 0.0001 0.0140 0.0356 0.0510 0.0094 0.0114 0.0005 0.0003 0.9437 0.0238 0.1636 0.7644 0.6686 0.7912 0.0434 0.1028 0.0171 0.0144 0.0063 0.0007 0.0011
0.0177 0.0014 0.0016 0.0001 0.0001 0.0001 0.0022 0.0003 0.6658 0.0004 0.0022 0.0012 0.0005 0.0006 0.0004 0.0009 0.0002 0.0001 0.0077 0.0347 0.0668 0.0137 0.0174 0.1038 0.1039 0.9372 0.0680 0.1562 0.6139 0.8432 0.8633 0.0864 0.1769 0.0310 0.0119 0.0056 0.1047 0.1053
0.0034 0.0021 0.0007 0.0002 0.0002 0.0002 0.0020 0.0003 0.5991 0.0006 0.0024 0.0013 0.0007 0.0005 0.0007 0.0015 0.0001 0.0001 0.0125 0.0377 0.0738 0.0157 0.0142 0.1987 0.1975 0.9883 0.0063 0.1373 0.5549 0.8415 0.8578 0.0146 0.0645 0.0429 0.0099 0.0095 0.1950 0.1982
0.0033 0.0011 0.0011 0.0001 0.0001 0.0001 0.0026 0.0003 0.8822 0.0004 0.0022 0.0014 0.0005 0.0006 0.0005 0.0013 0.0002 0.0001 0.0096 0.0453 0.0384 0.0154 0.0225 0.0053 0.0056 0.9905 0.0245 0.1958 0.5585 0.8363 0.9009 0.0171 0.0472 0.0167 0.0084 0.0088 0.0135 0.0097
0.0114 0.0019 0.0023 0.0002 0.0002 0.0001 0.0023 0.0004 0.5978 0.0004 0.0030 0.0017 0.0006 0.0005 0.0005 0.0008 0.0003 0.0001 0.0217 0.0431 0.0415 0.0255 0.0131 0.0085 0.0053 0.8705 0.0922 0.1429 0.5745 0.4711 0.4736 0.1129 0.2242 0.0195 0.0252 0.0102 0.0072 0.0146
0.0044 0.0013 0.0010 0.0002 0.0001 0.0001 0.0040 0.0003 0.8190 0.0009 0.0025 0.0013 0.0005 0.0006 0.0009 0.0007 0.0001 0.0002 0.0108 0.0462 0.0706 0.0152 0.0127 0.0987 0.0917 0.9806 0.0141 0.1698 0.4934 0.6930 0.7671 0.0382 0.1029 0.0259 0.0162 0.0062 0.0817 0.0904
0.0050 0.0020 0.0008 0.0002 0.0001 0.0001 0.0024 0.0006 0.6032 0.0006 0.0015 0.0008 0.0005 0.0006 0.0004 0.0008 0.0001 0.0001 0.0116 0.0268 0.0722 0.0124 0.0222 0.0064 0.0064 0.9786 0.0254 0.0561 0.7163 0.7486 0.8024 0.0384 0.0790 0.0121 0.0220 0.0070 0.0122 0.0105
0.0056 0.0014 0.0007 0.0001 0.0001 0.0001 0.0044 0.0003 0.6973 0.0007 0.0016 0.0013 0.0006 0.0004 0.0007 0.0014 0.0002 0.0002 0.0202 0.0476 0.0791 0.0094 0.0138 0.0065 0.0057 0.9775 0.0200 0.1077 0.5906 0.7088 0.7699 0.0293 0.0843 0.0211 0.0114 0.0062 0.0059 0.0043
0.0040 0.0015 0.0009 0.0001 0.0001 0.0002 0.0032 0.0006 0.9058 0.0003 0.0018 0.0009 0.0004 0.0005 0.0006 0.0014 0.0001 0.0002 0.0213 0.0160 0.0296 0.0104 0.0093 0.0019 0.0042 0.9789 0.0127 0.1560 0.4924 0.7325 0.7845 0.0438 0.1969 0.0189 0.0160 0.0044 0.0044 0.0037
0.0027 0.0012 0.0008 0.0002 0.0001 0.0002 0.0032 0.0004 0.8894 0.0005 0.0021 0.0009 0.0006 0.0008 0.0006 0.0006 0.0001 0.0001 0.0102 0.0346 0.0617 0.0142 0.0178 0.0017 0.0065 0.9915 0.0040 0.1246 0.5814 0.9042 0.9396 0.0104 0.0297 0.0102 0.0113 0.0059 0.0079 0.0051
0.0034 0.0013 0.0008 0.0001 0.0001 0.0001 0.0036 0.0004 0.9008 0.0003 0.0015 0.0007 0.0005 0.0013 0.0008 0.0010 0.0001 0.0001 0.0103 0.0413 0.0754 0.0139 0.0087 0.0005 0.0003 0.9895 0.0134 0.2157 0.6232 0.7813 0.8325 0.0391 0.0966 0.0196 0.0097 0.0068 0.0014 0.0015
0.0059 0.0015 0.0019 0.0001 0.0001 0.0001 0.0047 0.0006 0.6966 0.0006 0.0027 0.0012 0.0005 0.0007 0.0005 0.0007 0.0002 0.0001 0.0066 0.0562 0.0426 0.0189 0.0157 0.0054 0.0088 0.9815 0.0197 0.0535 0.5486 0.7251 0.8027 0.0697 0.1504 0.0234 0.0129 0.0083 0.0110 0.0085
0.0058 0.0010 0.0007 0.0001 0.0001 0.0001 0.0040 0.0005 0.5221 0.0005 0.0015 0.0009 0.0006 0.0006 0.0006 0.0007 0.0001 0.0001 0.0106 0.0529 0.0464 0.0125 0.0105 0.0087 0.0060 0.9593 0.0291 0.0566 0.7897 0.7232 0.7866 0.0397 0.0920 0.0153 0.0128 0.0053 0.0199 0.0087
0.0048 0.0019 0.0012 0.0002 0.0002 0.0001 0.0024 0.0003 0.5860 0.0006 0.0024 0.0023 0.0004 0.0004 0.0011 0.0011 0.0002 0.0001 0.0050 0.0724 0.1129 0.0122 0.0144 0.2995 0.2994 0.9881 0.0115 0.0703 0.5001 0.9130 0.9745 0.0058 0.2094 0.0667 0.0086 0.0071 0.2929 0.2777
0.0046 0.0011 0.0009 0.0004 0.0002 0.0001 0.0020 0.0003 0.8215 0.0004 0.0015 0.0010 0.0007 0.0006 0.0007 0.0017 0.0001 0.0002 0.0115 0.0321 0.0646 0.0133 0.0106 0.0045 0.0055 0.9798 0.0185 0.0933 0.6498 0.7740 0.8494 0.0451 0.1053 0.0187 0.0128 0.0093 0.0063 0.0076
0.0052 0.0013 0.0006 0.0003 0.0002 0.0002 0.0029 0.0006 0.6710 0.0005 0.0020 0.0011 0.0006 0.0004 0.0009 0.0007 0.0001 0.0001 0.0140 0.0304 0.0515 0.0125 0.0082 0.0035 0.0025 0.9555 0.0294 0.1646 0.6495 0.6142 0.6963 0.0446 0.1606 0.0194 0.0154 0.0067 0.0054 0.0071
0.0052 0.0008 0.0009 0.0002 0.0001 0.0001 0.0039 0.0003 0.8985 0.0004 0.0021 0.0013 0.0005 0.0006 0.0006 0.0008 0.0001 0.0001 0.0099 0.0332 0.0582 0.0140 0.0103 0.0007 0.0009 0.9570 0.0183 0.1009 0.7494 0.7684 0.7912 0.0559 0.1217 0.0129 0.0094 0.0070 0.0010 0.0019
0.0066 0.0015 0.0007 0.0002 0.0002 0.0001 0.0024 0.0004 0.5658 0.0003 0.0021 0.0011 0.0003 0.0005 0.0006 0.0010 0.0001 0.0002 0.0068 0.0887 0.1093 0.0101 0.0083 0.1123 0.1122 0.9103 0.0332 0.1124 0.3914 0.7540 0.8354 0.0615 0.1250 0.0494 0.0086 0.0065 0.1317 0.1190
0.0033 0.0015 0.0012 0.0001 0.0001 0.0002 0.0024 0.0003 0.7081 0.0006 0.0025 0.0009 0.0006 0.0006 0.0005 0.0010 0.0001 0.0001 0.0177 0.1099 0.1203 0.0085 0.0093 0.0030 0.0038 0.9791 0.0113 0.1405 0.6628 0.8391 0.8732 0.0439 0.0516 0.0164 0.0188 0.0059 0.0070 0.0103
0.0029 0.0011 0.0008 0.0002 0.0001 0.0001 0.0025 0.0004 0.8969 0.0004 0.0012 0.0010 0.0005 0.0004 0.0005 0.0010 0.0001 0.0001 0.0085 0.0360 0.0345 0.0102 0.0046 0.0013 0.0016 0.9919 0.0058 0.1334 0.4020 0.8653 0.9628 0.0061 0.0279 0.0302 0.0092 0.0071 0.0042 0.0025
0.0071 0.0008 0.0008 0.0002 0.0001 0.0001 0.0016 0.0004 0.7746 0.0006 0.0024 0.0015 0.0005 0.0009 0.0010 0.0008 0.0001 0.0001 0.0113 0.0351 0.0606 0.0213 0.0118 0.0229 0.0125 0.9713 0.0338 0.1102 0.7872 0.6707 0.7655 0.0366 0.0741 0.0209 0.0208 0.0119 0.0077 0.0103
0.0064 0.0014 0.0012 0.0003 0.0001 0.0001 0.0018 0.0004 0.6610 0.0004 0.0016 0.0011 0.0005 0.0005 0.0006 0.0010 0.0001 0.0001 0.0056 0.0312 0.0507 0.0113 0.0099 0.0958 0.0978 0.9436 0.0442 0.0521 0.7030 0.7410 0.8817 0.0467 0.1665 0.0210 0.0102 0.0084 0.0952 0.1001
0.0027 0.0013 0.0007 0.0001 0.0002 0.0001 0.0024 0.0002 0.8609 0.0004 0.0020 0.0010 0.0007 0.0006 0.0006 0.0006 0.0001 0.0001 0.0085 0.0245 0.0218 0.0190 0.0160 0.0022 0.0030 0.9831 0.0186 0.1296 0.6342 0.7684 0.8692 0.0218 0.1346 0.0265 0.0113 0.0069 0.0026 0.0047
0.0048 0.0020 0.0006 0.0001 0.0002 0.0003 0.0048 0.0004 0.9209 0.0006 0.0021 0.0011 0.0004 0.0008 0.0006 0.0014 0.0001 0.0001 0.0270 0.0218 0.0218 0.0147 0.0119 0.0025 0.0034 0.9867 0.0185 0.1925 0.5998 0.6399 0.7222 0.0344 0.0526 0.0230 0.0157 0.0070 0.0082 0.0036
0.0076 0.0018 0.0010 0.0002 0.0002 0.0002 0.0028 0.0004 0.6994 0.0004 0.0036 0.0017 0.0005 0.0006 0.0005 0.0011 0.0001 0.0002 0.0092 0.0538 0.0589 0.0152 0.0162 0.1202 0.1209 0.9818 0.0194 0.1207 0.5659 0.8014 0.8108 0.0233 0.1087 0.0203 0.0120 0.0074 0.1459 0.1221
0.0068 0.0011 0.0009 0.0002 0.0002 0.0002 0.0031 0.0005 0.7304 0.0005 0.0021 0.0023 0.0005 0.0006 0.0005 0.0016 0.0001 0.0002 0.0140 0.0231 0.0216 0.0157 0.0132 0.0094 0.0404 0.9820 0.0169 0.1991 0.3324 0.6307 0.7804 0.0491 0.0871 0.0344 0.0121 0.0067 0.0269 0.0259
0.0045 0.0017 0.0016 0.0001 0.0002 0.0001 0.0024 0.0003 0.7057 0.0009 0.0018 0.0014 0.0003 0.0007 0.0006 0.0010 0.0002 0.0002 0.0175 0.0369 0.0865 0.0136 0.0107 0.0008 0.0009 0.9681 0.0118 0.1727 0.8355 0.8104 0.7485 0.0108 0.0486 0.0161 0.0085 0.0074 0.0037 0.0023
0.0132 0.0013 0.0010 0.0002 0.0001 0.0001 0.0023 0.0006 0.4810 0.0005 0.0023 0.0019 0.0005 0.0005 0.0005 0.0011 0.0002 0.0001 0.0120 0.0551 0.0903 0.0140 0.0120 0.0408 0.0164 0.9626 0.0590 0.0199 0.8035 0.7542 0.7443 0.1189 0.1510 0.0235 0.0190 0.0082 0.0233 0.0098
0.0058 0.0012 0.0006 0.0002 0.0001 0.0001 0.0035 0.0004 0.6637 0.0004 0.0025 0.0014 0.0004 0.0005 0.0006 0.0011 0.0001 0.0001 0.0179 0.0422 0.0718 0.0132 0.0132 0.0055 0.0049 0.9694 0.0360 0.1139 0.7350 0.6721 0.6845 0.0683 0.1308 0.0235 0.0230 0.0072 0.0056 0.0031
0.0048 0.0016 0.0010 0.0002 0.0002 0.0001 0.0044 0.0004 0.7312 0.0003 0.0017 0.0013 0.0004 0.0006 0.0004 0.0016 0.0001 0.0001 0.0208 0.0656 0.0774 0.0169 0.0098 0.0056 0.0085 0.9626 0.0366 0.1574 0.5718 0.7664 0.7850 0.0541 0.1927 0.0210 0.0152 0.0085 0.0042 0.0080
0.0052 0.0012 0.0006 0.0002 0.0002 0.0001 0.0028 0.0004 0.5130 0.0003 0.0024 0.0012 0.0004 0.0004 0.0006 0.0010 0.0002 0.0001 0.0160 0.0781 0.0575 0.0204 0.0115 0.0054 0.0047 0.9646 0.0189 0.0330 0.5329 0.6586 0.7779 0.0573 0.1658 0.0189 0.0168 0.0098 0.0177 0.0078
0.0035 0.0035 0.0012 0.0001 0.0001 0.0001 0.0023 0.0004 0.7979 0.0005 0.0022 0.0010 0.0004 0.0003 0.0005 0.0008 0.0001 0.0002 0.0132 0.0634 0.0729 0.0165 0.0140 0.1022 0.1000 0.9702 0.0133 0.1257 0.6571 0.8434 0.9550 0.0123 0.0950 0.0331 0.0099 0.0058 0.1022 0.1035
0.0057 0.0017 0.0010 0.0002 0.0001 0.0001 0.0031 0.0004 0.6054 0.0005 0.0019 0.0010 0.0005 0.0005 0.0006 0.0009 0.0001 0.0002 0.0057 0.1074 0.1297 0.0205 0.0097 0.0057 0.0065 0.9871 0.0159 0.1453 0.7473 0.7708 0.8439 0.0321 0.0340 0.0135 0.0192 0.0077 0.0097 0.0088
0.0051 0.0008 0.0007 0.0002 0.0001 0.0001 0.0025 0.0003 0.5237 0.0004 0.0025 0.0012 0.0006 0.0003 0.0004 0.0008 0.0001 0.0002 0.0160 0.0338 0.0353 0.0162 0.0108 0.0055 0.0080 0.9700 0.0372 0.0634 0.8031 0.6997 0.7569 0.0704 0.1043 0.0168 0.0191 0.0084 0.0067 0.0044
0.0056 0.0016 0.0009 0.0001 0.0002 0.0001 0.0039 0.0004 0.7128 0.0004 0.0020 0.0012 0.0005 0.0008 0.0005 0.0009 0.0001 0.0001 0.0096 0.0310 0.0295 0.0363 0.0183 0.0994 0.1019 0.9765 0.0123 0.1810 0.3550 0.7393 0.8073 0.0356 0.1203 0.0337 0.0127 0.0057 0.0990 0.1015
0.0083 0.0012 0.0011 0.0002 0.0001 0.0002 0.0030 0.0004 0.7553 0.0005 0.0017 0.0009 0.0004 0.0004 0.0005 0.0009 0.0001 0.0001 0.0071 0.0293 0.0365 0.0124 0.0159 0.0023 0.0029 0.9893 0.0365 0.1687 0.6966 0.8795 0.8890 0.0745 0.0433 0.0172 0.0080 0.0058 0.0032 0.0047
0.0100 0.0024 0.0008 0.0002 0.0001 0.0001 0.0038 0.0003 0.5131 0.0006 0.0031 0.0012 0.0005 0.0008 0.0006 0.0008 0.0002 0.0001 0.0134 0.0412 0.0474 0.0192 0.0179 0.0016 0.0012 0.9419 0.0517 0.0541 0.8380 0.6011 0.6239 0.0547 0.1059 0.0213 0.0276 0.0099 0.0016 0.0022
0.0039 0.0013 0.0005 0.0001 0.0001 0.0002 0.0021 0.0005 0.7526 0.0003 0.0022 0.0011 0.0005 0.0006 0.0007 0.0006 0.0001 0.0001 0.0156 0.0212 0.0272 0.0138 0.0128 0.0079 0.0035 0.9752 0.0269 0.1629 0.5542 0.6868 0.7771 0.0257 0.0560 0.0169 0.0180 0.0047 0.0036 0.0061
0.0059 0.0017 0.0006 0.0002 0.0001 0.0001 0.0041 0.0002 0.6342 0.0003 0.0023 0.0005 0.0005 0.0007 0.0004 0.0007 0.0002 0.0001 0.0105 0.0298 0.0371 0.0097 0.0127 0.1003 0.1017 0.9479 0.0398 0.1630 0.6179 0.6452 0.7560 0.0349 0.1410 0.0213 0.0128 0.0086 0.1066 0.1018
0.0034 0.0013 0.0008 0.0001 0.0001 0.0001 0.0024 0.0007 0.7750 0.0005 0.0019 0.0020 0.0006 0.0006 0.0008 0.0009 0.0001 0.0001 0.0100 0.0321 0.0341 0.0143 0.0098 0.0142 0.0094 0.9861 0.0099 0.1089 0.6905 0.7787 0.8634 0.0086 0.0776 0.0185 0.0142 0.0090 0.0123 0.0290
0.0049 0.0009 0.0004 0.0002 0.0001 0.0002 0.0022 0.0004 0.7931 0.0004 0.0015 0.0011 0.0004 0.0009 0.0005 0.0012 0.0001 0.0001 0.0079 0.0425 0.0647 0.0091 0.0131 0.0173 0.0136 0.9866 0.0223 0.0604 0.4915 0.8230 0.8773 0.0205 0.0706 0.0141 0.0120 0.0077 0.0096 0.0084
0.0046 0.0021 0.0006 0.0001 0.0002 0.0002 0.0025 0.0004 0.8729 0.0004 0.0016 0.0014 0.0004 0.0009 0.0004 0.0012 0.0001 0.0001 0.0250 0.0262 0.0485 0.0078 0.0125 0.0032 0.0064 0.9847 0.0409 0.0756 0.7438 0.6377 0.7180 0.0298 0.1512 0.0245 0.0218 0.0080 0.0166 0.0095
0.0041 0.0014 0.0009 0.0002 0.0001 0.0002 0.0019 0.0003 0.7144 0.0004 0.0033 0.0017 0.0005 0.0005 0.0007 0.0008 0.0001 0.0001 0.0144 0.0527 0.0978 0.0148 0.0119 0.0300 0.0382 0.9788 0.0184 0.1582 0.4686 0.8373 0.8716 0.0408 0.1720 0.0226 0.0141 0.0115 0.0353 0.0421
0.0099 0.0015 0.0006 0.0001 0.0001 0.0001 0.0020 0.0002 0.5870 0.0005 0.0015 0.0015 0.0004 0.0005 0.0005 0.0008 0.0001 0.0001 0.0179 0.0477 0.1028 0.0116 0.0151 0.0025 0.0236 0.9322 0.0832 0.0274 0.7497 0.6817 0.7136 0.0892 0.1840 0.0178 0.0161 0.0052 0.0096 0.0063
0.0063 0.0023 0.0006 0.0002 0.0001 0.0002 0.0044 0.0004 0.7025 0.0006 0.0016 0.0013 0.0005 0.0005 0.0003 0.0008 0.0001 0.0001 0.0262 0.0243 0.0374 0.0149 0.0163 0.0037 0.0056 0.9566 0.0607 0.1498 0.3577 0.5688 0.6214 0.0811 0.1312 0.0217 0.0402 0.0096 0.0060 0.0040
0.0078 0.0022 0.0014 0.0001 0.0002 0.0001 0.0035 0.0006 0.5978 0.0005 0.0028 0.0012 0.0004 0.0005 0.0004 0.0008 0.0001 0.0002 0.0178 0.0199 0.0337 0.0139 0.0096 0.0059 0.0095 0.9367 0.1297 0.0411 0.6586 0.6320 0.6920 0.0599 0.1490 0.0367 0.0209 0.0064 0.0103 0.0138
0.0044 0.0016 0.0005 0.0002 0.0002 0.0002 0.0039 0.0003 0.6842 0.0005 0.0023 0.0010 0.0005 0.0005 0.0005 0.0007 0.0001 0.0001 0.0089 0.0615 0.0475 0.0101 0.0183 0.0925 0.0926 0.9290 0.1021 0.1722 0.5822 0.8685 0.8820 0.0896 0.1573 0.0205 0.0150 0.0072 0.0995 0.0934
0.0051 0.0016 0.0009 0.0001 0.0001 0.0001 0.0021 0.0005 0.6482 0.0004 0.0019 0.0016 0.0010 0.0005 0.0007 0.0007 0.0001 0.0001 0.0102 0.0516 0.0326 0.0270 0.0232 0.0034 0.0075 0.9809 0.0186 0.1173 0.5951 0.6972 0.8179 0.0167 0.1257 0.0175 0.0118 0.0120 0.0075 0.0089
0.0059 0.0019 0.0010 0.0001 0.0001 0.0001 0.0024 0.0003 0.5215 0.0004 0.0017 0.0012 0.0003 0.0006 0.0006 0.0008 0.0001 0.0001 0.0068 0.0535 0.0905 0.0179 0.0137 0.0147 0.0218 0.9801 0.0532 0.0460 0.7763 0.6597 0.7340 0.0321 0.0666 0.0216 0.0268 0.0077 0.0138 0.0163
0.0096 0.0013 0.0009 0.0002 0.0002 0.0001 0.0020 0.0005 0.7913 0.0005 0.0025 0.0006 0.0004 0.0009 0.0006 0.0007 0.0002 0.0001 0.0067 0.0303 0.0491 0.0138 0.0104 0.0045 0.0036 0.9822 0.0168 0.1685 0.6902 0.7047 0.7951 0.0321 0.1064 0.0121 0.0172 0.0059 0.0025 0.0047
0.0076 0.0012 0.0005 0.0001 0.0001 0.0001 0.0029 0.0003 0.6704 0.0003 0.0013 0.0010 0.0004 0.0006 0.0004 0.0010 0.0001 0.0001 0.0178 0.0390 0.0668 0.0176 0.0104 0.0623 0.0744 0.9859 0.0125 0.0780 0.4951 0.8386 0.8937 0.0172 0.0916 0.0243 0.0116 0.0046 0.0900 0.0741
0.0069 0.0010 0.0007 0.0001 0.0002 0.0001 0.0031 0.0003 0.4314 0.0002 0.0017 0.0011 0.0004 0.0006 0.0004 0.0008 0.0001 0.0001 0.0063 0.0786 0.0635 0.0152 0.0177 0.0025 0.0028 0.9001 0.0565 0.1431 0.8203 0.8319 0.8614 0.0686 0.1433 0.0244 0.0096 0.0035 0.0035 0.0042
0.0053 0.0022 0.0011 0.0001 0.0001 0.0002 0.0034 0.0006 0.6394 0.0003 0.0022 0.0011 0.0004 0.0005 0.0007 0.0015 0.0001 0.0002 0.0216 0.0361 0.0503 0.0129 0.0128 0.0044 0.0078 0.9705 0.0256 0.1227 0.5620 0.6629 0.7675 0.0761 0.2126 0.0396 0.0209 0.0087 0.0265 0.0108
0.0090 0.0018 0.0008 0.0001 0.0001 0.0002 0.0017 0.0003 0.3902 0.0003 0.0017 0.0015 0.0004 0.0004 0.0006 0.0007 0.0001 0.0001 0.0066 0.1563 0.1445 0.0100 0.0148 0.0222 0.0207 0.9467 0.0509 0.0659 0.8645 0.8133 0.8422 0.0256 0.1179 0.0140 0.0118 0.0088 0.0159 0.0163
0.0034 0.0012 0.0007 0.0001 0.0001 0.0001 0.0028 0.0003 0.6975 0.0003 0.0021 0.0007 0.0005 0.0005 0.0005 0.0005 0.0002 0.0001 0.0054 0.0521 0.0420 0.0088 0.0103 0.0196 0.0325 0.9912 0.0069 0.1528 0.5105 0.8580 0.9306 0.0135 0.0880 0.0269 0.0090 0.0060 0.0247 0.0348
0.0036 0.0010 0.0005 0.0001 0.0001 0.0001 0.0029 0.0002 0.7402 0.0005 0.0020 0.0008 0.0004 0.0004 0.0005 0.0010 0.0001 0.0001 0.0060 0.0251 0.0373 0.0148 0.0122 0.0017 0.0025 0.9912 0.0122 0.1087 0.6822 0.8245 0.8791 0.0099 0.0407 0.0131 0.0095 0.0045 0.0028 0.0036
0.0056 0.0013 0.0010 0.0002 0.0001 0.0001 0.0039 0.0004 0.6369 0.0005 0.0015 0.0015 0.0004 0.0009 0.0007 0.0011 0.0001 0.0001 0.0099 0.0233 0.0250 0.0166 0.0063 0.0136 0.0076 0.9798 0.0273 0.1642 0.5649 0.5494 0.6485 0.1117 0.2718 0.0243 0.0144 0.0126 0.0200 0.0168
0.0135 0.0020 0.0007 0.0001 0.0001 0.0001 0.0040 0.0006 0.6994 0.0007 0.0020 0.0015 0.0006 0.0006 0.0008 0.0010 0.0001 0.0002 0.0061 0.0408 0.0356 0.0175 0.0127 0.0050 0.0067 0.9177 0.0645 0.1677 0.6633 0.6734 0.7502 0.0736 0.1155 0.0268 0.0169 0.0061 0.0103 0.0074
0.0074 0.0017 0.0010 0.0001 0.0001 0.0001 0.0043 0.0004 0.5338 0.0004 0.0021 0.0010 0.0005 0.0005 0.0006 0.0008 0.0001 0.0001 0.0061 0.0644 0.0407 0.0201 0.0114 0.0089 0.0053 0.9795 0.0310 0.1157 0.4524 0.6379 0.7720 0.0438 0.2790 0.0204 0.0153 0.0067 0.0130 0.0054
0.0058 0.0014 0.0011 0.0002 0.0001 0.0002 0.0027 0.0006 0.7325 0.0009 0.0029 0.0017 0.0006 0.0008 0.0005 0.0011 0.0002 0.0001 0.0084 0.0192 0.0206 0.0255 0.0182 0.1073 0.1259 0.9718 0.0184 0.1476 0.3731 0.6195 0.8161 0.0370 0.1487 0.0343 0.0146 0.0077 0.1072 0.1117
0.0036 0.0012 0.0010 0.0002 0.0001 0.0001 0.0027 0.0004 0.9534 0.0008 0.0023 0.0021 0.0004 0.0005 0.0007 0.0012 0.0001 0.0001 0.0135 0.0187 0.0235 0.0137 0.0096 0.0006 0.0006 0.9930 0.0051 0.0729 0.6832 0.8825 0.9258 0.0071 0.0597 0.0225 0.0076 0.0062 0.0014 0.0016
0.0046 0.0012 0.0009 0.0001 0.0001 0.0001 0.0025 0.0004 0.6315 0.0004 0.0016 0.0010 0.0005 0.0006 0.0007 0.0008 0.0001 0.0002 0.0093 0.0450 0.0404 0.0146 0.0120 0.0034 0.0029 0.9715 0.0154 0.0466 0.7274 0.7707 0.8432 0.0191 0.1108 0.0173 0.0163 0.0065 0.0053 0.0086
