0.0014 0.0149 0.0094 0.0011 0.0199 0.0015 0.0161 0.0018 0.0129 0.0167 0.0014 0.0014 0.0020 0.0017 0.0011 0.0015 0.0009 0.0015 0.0009 0.4158 0.0318 0.9370 0.9477 0.0160 0.0153 0.1642 0.1065 0.0048 0.9719 0.0759 0.0786 0.0985 0.0214 0.0018 0.8992 0.9687 0.0124 0.0148
0.0013 0.0194 0.0143 0.0013 0.0135 0.0013 0.0196 0.0010 0.0185 0.0108 0.0016 0.0012 0.0015 0.0012 0.0016 0.0011 0.0015 0.0008 0.0008 0.3548 0.0444 0.8580 0.8588 0.0677 0.0892 0.1044 0.0504 0.0069 0.9779 0.0821 0.0760 0.0468 0.0301 0.0021 0.8701 0.8561 0.0906 0.0670
0.0016 0.0282 0.0276 0.0010 0.0240 0.0012 0.0175 0.0019 0.0211 0.0143 0.0010 0.0009 0.0017 0.0013 0.0015 0.0014 0.0013 0.0012 0.0019 0.3738 0.0466 0.5772 0.5854 0.2722 0.2891 0.2980 0.0763 0.0059 0.9647 0.1316 0.1585 0.0835 0.0600 0.0027 0.5855 0.5792 0.3038 0.2632
0.0014 0.0194 0.0204 0.0011 0.0200 0.0018 0.0123 0.0007 0.0213 0.0208 0.0013 0.0015 0.0009 0.0010 0.0012 0.0009 0.0011 0.0007 0.0011 0.3272 0.0351 0.7504 0.7553 0.2024 0.2042 0.2101 0.0479 0.0053 0.9446 0.1297 0.1123 0.0597 0.0378 0.0018 0.7594 0.7526 0.2000 0.1822
0.0013 0.0360 0.0282 0.0013 0.0195 0.0017 0.0221 0.0009 0.0258 0.0290 0.0012 0.0016 0.0008 0.0013 0.0016 0.0014 0.0014 0.0017 0.0009 0.3265 0.0884 0.7011 0.7139 0.2028 0.2103 0.2747 0.0650 0.0066 0.9626 0.0836 0.1496 0.0576 0.0717 0.0020 0.6533 0.7056 0.2134 0.2204
0.0013 0.0213 0.0168 0.0011 0.0190 0.0013 0.0216 0.0015 0.0139 0.0146 0.0014 0.0019 0.0013 0.0009 0.0013 0.0013 0.0013 0.0013 0.0014 0.2765 0.0565 0.9421 0.9387 0.0294 0.0195 0.1388 0.0768 0.0039 0.9358 0.0842 0.1119 0.0611 0.0424 0.0030 0.8951 0.9250 0.0270 0.0201
0.0013 0.0165 0.0324 0.0018 0.0219 0.0017 0.0189 0.0009 0.0252 0.0189 0.0010 0.0008 0.0016 0.0013 0.0014 0.0013 0.0012 0.0011 0.0014 0.2972 0.0879 0.6730 0.6559 0.2018 0.1934 0.2380 0.0611 0.0049 0.9702 0.1070 0.1473 0.0596 0.0517 0.0042 0.7034 0.6916 0.2043 0.1918
0.0012 0.0186 0.0121 0.0012 0.0186 0.0017 0.0178 0.0016 0.0140 0.0167 0.0012 0.0011 0.0012 0.0010 0.0014 0.0020 0.0014 0.0014 0.0013 0.4144 0.0624 0.8606 0.9114 0.0319 0.0414 0.1179 0.0634 0.0057 0.9479 0.0861 0.0798 0.0691 0.0444 0.0032 0.8944 0.8764 0.0374 0.0470
0.0016 0.0208 0.0193 0.0012 0.0231 0.0012 0.0198 0.0014 0.0212 0.0172 0.0010 0.0008 0.0014 0.0012 0.0015 0.0007 0.0007 0.0018 0.0009 0.4081 0.0638 0.7829 0.7664 0.1262 0.1217 0.1520 0.0831 0.0035 0.9654 0.1073 0.1380 0.0604 0.0390 0.0025 0.7453 0.7596 0.1356 0.1400
0.0014 0.0148 0.0218 0.0012 0.0198 0.0009 0.0167 0.0009 0.0284 0.0175 0.0016 0.0010 0.0014 0.0010 0.0010 0.0012 0.0010 0.0007 0.0013 0.3622 0.0598 0.7543 0.8104 0.1079 0.1065 0.2046 0.0571 0.0038 0.9672 0.0813 0.1154 0.0654 0.0566 0.0022 0.7957 0.7743 0.1185 0.1221
0.0010 0.0198 0.0199 0.0013 0.0214 0.0009 0.0182 0.0009 0.0199 0.0217 0.0015 0.0012 0.0008 0.0008 0.0014 0.0010 0.0010 0.0011 0.0011 0.4450 0.1006 0.5843 0.5431 0.2499 0.2638 0.2528 0.0420 0.0067 0.9564 0.0862 0.1684 0.0596 0.0723 0.0015 0.5675 0.5940 0.2349 0.2394
0.0011 0.0402 0.0192 0.0011 0.0232 0.0010 0.0157 0.0011 0.0251 0.0270 0.0009 0.0014 0.0009 0.0010 0.0010 0.0012 0.0010 0.0011 0.0010 0.3188 0.0710 0.5592 0.5332 0.3453 0.3524 0.3071 0.0542 0.0026 0.9636 0.1254 0.2200 0.0781 0.0544 0.0026 0.5061 0.5440 0.3818 0.3569
0.0009 0.0162 0.0115 0.0016 0.0198 0.0014 0.0204 0.0012 0.0159 0.0160 0.0017 0.0009 0.0027 0.0016 0.0015 0.0012 0.0012 0.0013 0.0015 0.4058 0.0704 0.6979 0.7119 0.1798 0.1998 0.2303 0.0697 0.0045 0.9563 0.1336 0.1222 0.0474 0.0473 0.0024 0.7023 0.6966 0.1790 0.1939
0.0012 0.0257 0.0171 0.0010 0.0273 0.0010 0.0228 0.0010 0.0125 0.0184 0.0012 0.0011 0.0013 0.0011 0.0015 0.0008 0.0013 0.0011 0.0015 0.3446 0.0691 0.6607 0.6353 0.1818 0.1762 0.1885 0.0631 0.0058 0.9585 0.0600 0.1379 0.0562 0.0589 0.0017 0.6239 0.6413 0.2398 0.2063
0.0016 0.0127 0.0176 0.0013 0.0145 0.0009 0.0162 0.0026 0.0188 0.0157 0.0012 0.0010 0.0015 0.0010 0.0010 0.0019 0.0016 0.0015 0.0010 0.2893 0.0349 0.8500 0.8439 0.1099 0.0938 0.1489 0.0738 0.0046 0.9617 0.0758 0.1018 0.0607 0.0400 0.0036 0.8304 0.8496 0.1082 0.1176
0.0010 0.0222 0.0286 0.0018 0.0173 0.0014 0.0208 0.0011 0.0227 0.0164 0.0014 0.0012 0.0009 0.0015 0.0009 0.0007 0.0011 0.0012 0.0019 0.3267 0.0566 0.6456 0.7104 0.2110 0.2247 0.2591 0.0673 0.0028 0.9610 0.1439 0.1439 0.0835 0.0542 0.0026 0.6137 0.6507 0.2037 0.2064
0.0011 0.0216 0.0380 0.0010 0.0156 0.0009 0.0139 0.0012 0.0270 0.0202 0.0010 0.0015 0.0009 0.0010 0.0015 0.0012 0.0010 0.0013 0.0010 0.3449 0.0540 0.7243 0.6781 0.2247 0.2143 0.1601 0.0739 0.0050 0.9532 0.0865 0.1071 0.0626 0.0399 0.0026 0.6970 0.6726 0.2238 0.2112
0.0013 0.0254 0.0212 0.0011 0.0216 0.0014 0.0225 0.0012 0.0197 0.0126 0.0011 0.0015 0.0007 0.0013 0.0014 0.0010 0.0015 0.0010 0.0007 0.3980 0.0697 0.6265 0.6283 0.2925 0.2682 0.2090 0.0652 0.0059 0.9611 0.1003 0.1395 0.0538 0.0683 0.0025 0.5949 0.6250 0.2553 0.2364
0.0021 0.0265 0.0154 0.0017 0.0166 0.0014 0.0192 0.0012 0.0238 0.0141 0.0011 0.0011 0.0015 0.0009 0.0012 0.0010 0.0015 0.0020 0.0017 0.3915 0.0508 0.6284 0.6256 0.2900 0.2936 0.2429 0.0911 0.0049 0.9282 0.1515 0.1311 0.0539 0.0599 0.0025 0.6316 0.6258 0.2982 0.2731
0.0012 0.0175 0.0155 0.0010 0.0143 0.0020 0.0231 0.0017 0.0183 0.0188 0.0008 0.0016 0.0017 0.0012 0.0012 0.0020 0.0012 0.0012 0.0013 0.3648 0.0614 0.7878 0.7760 0.1078 0.1225 0.2720 0.0667 0.0051 0.9709 0.0943 0.1077 0.0648 0.0522 0.0024 0.7999 0.7916 0.1340 0.1070
0.0023 0.0213 0.0143 0.0016 0.0236 0.0019 0.0201 0.0010 0.0273 0.0192 0.0014 0.0013 0.0016 0.0016 0.0022 0.0012 0.0022 0.0012 0.0021 0.3653 0.0591 0.7952 0.8015 0.1132 0.1218 0.2635 0.0701 0.0057 0.9434 0.1065 0.1425 0.0603 0.0417 0.0039 0.7732 0.8028 0.1444 0.1091
0.0018 0.0235 0.0211 0.0023 0.0216 0.0020 0.0212 0.0009 0.0244 0.0213 0.0011 0.0019 0.0019 0.0012 0.0019 0.0013 0.0012 0.0010 0.0016 0.2762 0.0875 0.5218 0.5699 0.2792 0.3003 0.2295 0.0648 0.0048 0.9557 0.1135 0.1794 0.0730 0.0681 0.0030 0.5137 0.5070 0.2667 0.2830
0.0016 0.0179 0.0187 0.0011 0.0128 0.0013 0.0181 0.0018 0.0214 0.0271 0.0009 0.0018 0.0013 0.0013 0.0012 0.0015 0.0013 0.0014 0.0010 0.4193 0.0676 0.6039 0.6280 0.3010 0.3025 0.3019 0.0693 0.0049 0.9619 0.1400 0.2114 0.0515 0.0678 0.0019 0.5961 0.5847 0.3011 0.3161
0.0018 0.0221 0.0159 0.0015 0.0176 0.0013 0.0210 0.0010 0.0163 0.0188 0.0009 0.0013 0.0014 0.0013 0.0013 0.0011 0.0011 0.0016 0.0012 0.3567 0.0516 0.7614 0.7290 0.2009 0.1831 0.1970 0.0510 0.0045 0.9648 0.0851 0.1205 0.0592 0.0560 0.0032 0.7255 0.7551 0.2101 0.2065
0.0021 0.0221 0.0148 0.0013 0.0176 0.0016 0.0170 0.0014 0.0156 0.0130 0.0019 0.0008 0.0011 0.0015 0.0015 0.0007 0.0025 0.0015 0.0011 0.3646 0.0659 0.6782 0.6837 0.1815 0.2129 0.1970 0.0846 0.0037 0.9624 0.1330 0.0964 0.0635 0.0474 0.0021 0.6468 0.6751 0.2119 0.2109
0.0013 0.0174 0.0136 0.0009 0.0202 0.0008 0.0178 0.0011 0.0177 0.0158 0.0011 0.0013 0.0013 0.0008 0.0010 0.0009 0.0008 0.0008 0.0013 0.2751 0.0756 0.8341 0.8217 0.0972 0.0925 0.1924 0.0900 0.0044 0.9657 0.0804 0.1205 0.0772 0.0327 0.0033 0.8175 0.8373 0.0803 0.0861
0.0018 0.0209 0.0317 0.0010 0.0137 0.0016 0.0246 0.0012 0.0188 0.0136 0.0012 0.0016 0.0017 0.0015 0.0011 0.0012 0.0013 0.0011 0.0018 0.3116 0.0489 0.7225 0.6906 0.1168 0.1133 0.2408 0.0770 0.0043 0.9535 0.0710 0.1239 0.0690 0.0831 0.0024 0.7683 0.7531 0.1568 0.1162
0.0014 0.0339 0.0280 0.0012 0.0333 0.0012 0.0124 0.0009 0.0374 0.0180 0.0014 0.0013 0.0013 0.0010 0.0009 0.0010 0.0008 0.0013 0.0009 0.3263 0.0661 0.4561 0.4673 0.3870 0.3396 0.2707 0.0808 0.0030 0.9634 0.1238 0.1579 0.0787 0.0826 0.0018 0.4786 0.4950 0.4402 0.3858
0.0016 0.0290 0.0187 0.0013 0.0243 0.0012 0.0262 0.0014 0.0194 0.0217 0.0011 0.0019 0.0011 0.0014 0.0015 0.0010 0.0010 0.0010 0.0014 0.3711 0.0685 0.6568 0.6714 0.2190 0.2156 0.1808 0.0616 0.0038 0.9486 0.0876 0.1637 0.0888 0.0585 0.0025 0.6840 0.6793 0.2487 0.2398
0.0010 0.0297 0.0428 0.0012 0.0220 0.0015 0.0290 0.0015 0.0239 0.0235 0.0012 0.0011 0.0018 0.0016 0.0009 0.0013 0.0013 0.0018 0.0010 0.3460 0.0943 0.2176 0.2377 0.5624 0.5305 0.3822 0.0748 0.0049 0.9641 0.1937 0.2889 0.0630 0.0705 0.0016 0.2456 0.2190 0.5997 0.5946
0.0019 0.0215 0.0177 0.0017 0.0268 0.0015 0.0144 0.0017 0.0216 0.0164 0.0013 0.0010 0.0015 0.0012 0.0014 0.0014 0.0016 0.0011 0.0011 0.3720 0.0471 0.9372 0.9517 0.0258 0.0197 0.1347 0.0850 0.0050 0.9510 0.0916 0.1146 0.0652 0.0553 0.0028 0.9345 0.9583 0.0183 0.0200
0.0017 0.0235 0.0233 0.0015 0.0267 0.0015 0.0150 0.0020 0.0191 0.0180 0.0016 0.0014 0.0013 0.0012 0.0016 0.0011 0.0010 0.0019 0.0010 0.4142 0.0782 0.5458 0.5490 0.3224 0.3135 0.3026 0.0699 0.0030 0.9602 0.1225 0.1247 0.0546 0.0638 0.0025 0.5648 0.5422 0.3773 0.3070
0.0014 0.0309 0.0205 0.0017 0.0184 0.0010 0.0199 0.0015 0.0217 0.0165 0.0014 0.0012 0.0010 0.0012 0.0012 0.0011 0.0016 0.0016 0.0016 0.3565 0.0607 0.6769 0.6667 0.2699 0.2673 0.1952 0.0707 0.0048 0.9606 0.0966 0.1683 0.0579 0.0810 0.0023 0.6686 0.6716 0.2588 0.2279
0.0008 0.0181 0.0123 0.0007 0.0180 0.0007 0.0223 0.0010 0.0212 0.0151 0.0013 0.0008 0.0009 0.0010 0.0012 0.0006 0.0010 0.0009 0.0013 0.3492 0.0628 0.7455 0.8046 0.1179 0.1092 0.2214 0.0567 0.0050 0.9658 0.0603 0.1324 0.0674 0.0409 0.0020 0.8046 0.7823 0.0883 0.1151
0.0011 0.0168 0.0165 0.0012 0.0246 0.0010 0.0159 0.0019 0.0278 0.0158 0.0011 0.0010 0.0011 0.0013 0.0011 0.0016 0.0012 0.0014 0.0014 0.3491 0.0514 0.8452 0.7989 0.0837 0.0773 0.2382 0.0721 0.0051 0.9554 0.1325 0.1139 0.0530 0.0451 0.0024 0.8089 0.8000 0.1234 0.0737
0.0007 0.0171 0.0123 0.0011 0.0172 0.0011 0.0209 0.0010 0.0193 0.0151 0.0012 0.0009 0.0012 0.0013 0.0014 0.0012 0.0009 0.0010 0.0011 0.2842 0.0505 0.8339 0.8314 0.0887 0.0856 0.1737 0.0886 0.0044 0.9756 0.1010 0.1326 0.0734 0.0305 0.0017 0.8516 0.8431 0.0840 0.0782
0.0014 0.0207 0.0121 0.0010 0.0253 0.0008 0.0206 0.0013 0.0200 0.0140 0.0017 0.0011 0.0011 0.0018 0.0018 0.0014 0.0010 0.0012 0.0021 0.3676 0.0437 0.9202 0.8722 0.0358 0.0222 0.1730 0.0651 0.0040 0.9676 0.0501 0.0961 0.0607 0.0354 0.0039 0.8852 0.8921 0.0246 0.0282
0.0010 0.0168 0.0153 0.0009 0.0225 0.0016 0.0155 0.0011 0.0244 0.0103 0.0014 0.0009 0.0017 0.0010 0.0013 0.0012 0.0010 0.0011 0.0015 0.3617 0.0545 0.9294 0.9546 0.0257 0.0156 0.1278 0.0825 0.0056 0.9583 0.0892 0.0696 0.0674 0.0340 0.0016 0.9168 0.9147 0.0199 0.0132
0.0018 0.0190 0.0211 0.0016 0.0171 0.0013 0.0154 0.0018 0.0260 0.0168 0.0012 0.0011 0.0009 0.0013 0.0020 0.0013 0.0009 0.0015 0.0019 0.3633 0.0582 0.7582 0.7997 0.1087 0.0827 0.2066 0.0795 0.0030 0.9413 0.0622 0.1115 0.0726 0.0698 0.0045 0.8167 0.7686 0.0960 0.0835
0.0008 0.0183 0.0142 0.0008 0.0183 0.0012 0.0192 0.0011 0.0200 0.0152 0.0018 0.0008 0.0009 0.0011 0.0017 0.0012 0.0011 0.0010 0.0012 0.3281 0.0602 0.6726 0.6220 0.2701 0.2171 0.1865 0.0592 0.0028 0.9666 0.0829 0.0756 0.0720 0.0669 0.0020 0.6653 0.6718 0.1915 0.2536
0.0011 0.0226 0.0224 0.0012 0.0300 0.0013 0.0164 0.0013 0.0222 0.0191 0.0017 0.0014 0.0015 0.0011 0.0020 0.0010 0.0012 0.0013 0.0017 0.2606 0.0613 0.8501 0.8517 0.0455 0.0347 0.1442 0.0689 0.0069 0.9492 0.0553 0.1066 0.0716 0.0380 0.0027 0.9173 0.9020 0.0406 0.0385
0.0011 0.0284 0.0160 0.0018 0.0219 0.0014 0.0236 0.0018 0.0211 0.0190 0.0015 0.0012 0.0010 0.0013 0.0014 0.0012 0.0019 0.0016 0.0012 0.3291 0.0566 0.6934 0.7192 0.1408 0.1076 0.1940 0.0643 0.0034 0.9496 0.0873 0.1458 0.0679 0.0391 0.0028 0.6819 0.6811 0.0950 0.1062
0.0025 0.0333 0.0243 0.0013 0.0167 0.0011 0.0203 0.0016 0.0165 0.0198 0.0010 0.0009 0.0016 0.0017 0.0011 0.0017 0.0015 0.0013 0.0013 0.3240 0.0531 0.7150 0.7295 0.1524 0.1393 0.2753 0.0863 0.0033 0.9704 0.1418 0.1856 0.0881 0.0592 0.0033 0.7167 0.7004 0.1362 0.1199
0.0013 0.0314 0.0307 0.0012 0.0224 0.0015 0.0212 0.0008 0.0282 0.0181 0.0010 0.0014 0.0019 0.0010 0.0013 0.0010 0.0018 0.0010 0.0013 0.3727 0.0514 0.6406 0.6585 0.2468 0.2535 0.1848 0.0912 0.0049 0.9661 0.1033 0.1619 0.0578 0.0757 0.0031 0.6329 0.6455 0.2718 0.2403
0.0019 0.0239 0.0315 0.0014 0.0228 0.0017 0.0166 0.0013 0.0213 0.0212 0.0015 0.0012 0.0014 0.0011 0.0013 0.0013 0.0018 0.0011 0.0013 0.3263 0.0988 0.5662 0.5492 0.3116 0.2973 0.3386 0.0633 0.0032 0.9659 0.1304 0.2052 0.0705 0.0909 0.0039 0.5689 0.5763 0.3263 0.2804
0.0015 0.0257 0.0146 0.0013 0.0161 0.0007 0.0150 0.0011 0.0168 0.0268 0.0012 0.0013 0.0015 0.0007 0.0014 0.0008 0.0008 0.0009 0.0011 0.2952 0.0468 0.8100 0.8435 0.1007 0.0990 0.1484 0.0783 0.0040 0.9627 0.0688 0.0984 0.1192 0.0531 0.0020 0.8635 0.8177 0.1167 0.1003
0.0014 0.0234 0.0213 0.0018 0.0190 0.0024 0.0178 0.0010 0.0163 0.0194 0.0012 0.0010 0.0009 0.0011 0.0015 0.0012 0.0014 0.0010 0.0015 0.3946 0.0530 0.6856 0.6677 0.1995 0.1711 0.1879 0.0753 0.0051 0.9537 0.0979 0.1110 0.0690 0.0373 0.0022 0.6708 0.6435 0.2315 0.2087
0.0019 0.0190 0.0172 0.0013 0.0230 0.0014 0.0204 0.0013 0.0233 0.0185 0.0010 0.0010 0.0008 0.0013 0.0014 0.0014 0.0008 0.0016 0.0015 0.3039 0.0632 0.6463 0.6307 0.2046 0.2022 0.2789 0.0671 0.0054 0.9485 0.1116 0.1559 0.0601 0.0391 0.0021 0.6184 0.6081 0.2568 0.2106
0.0014 0.0221 0.0152 0.0016 0.0220 0.0021 0.0336 0.0011 0.0142 0.0193 0.0010 0.0009 0.0011 0.0013 0.0015 0.0011 0.0015 0.0010 0.0012 0.3348 0.0622 0.6554 0.6842 0.1639 0.2092 0.2409 0.0549 0.0055 0.9662 0.1002 0.1162 0.1054 0.0509 0.0021 0.6800 0.6763 0.2187 0.1535
0.0016 0.0156 0.0168 0.0017 0.0230 0.0009 0.0116 0.0011 0.0209 0.0287 0.0010 0.0014 0.0023 0.0010 0.0018 0.0010 0.0011 0.0011 0.0012 0.2969 0.0653 0.7436 0.7472 0.2021 0.1896 0.1721 0.0822 0.0038 0.9526 0.1055 0.1193 0.0484 0.0372 0.0025 0.7364 0.7487 0.2020 0.1553
0.0019 0.0324 0.0296 0.0011 0.0214 0.0011 0.0288 0.0010 0.0287 0.0178 0.0014 0.0013 0.0016 0.0011 0.0014 0.0015 0.0009 0.0010 0.0014 0.3737 0.0758 0.5153 0.4784 0.3160 0.2980 0.2732 0.0705 0.0047 0.9561 0.1171 0.1902 0.0636 0.0456 0.0034 0.4672 0.4426 0.3405 0.3297
0.0016 0.0120 0.0135 0.0007 0.0190 0.0011 0.0103 0.0013 0.0140 0.0181 0.0011 0.0015 0.0012 0.0010 0.0014 0.0012 0.0007 0.0010 0.0009 0.3484 0.0602 0.9211 0.9023 0.0508 0.0666 0.1310 0.0542 0.0055 0.9615 0.0629 0.0777 0.0645 0.0271 0.0017 0.9121 0.9230 0.0508 0.0458
0.0010 0.0305 0.0329 0.0010 0.0279 0.0014 0.0199 0.0013 0.0219 0.0186 0.0018 0.0011 0.0011 0.0011 0.0009 0.0015 0.0010 0.0012 0.0018 0.3144 0.0556 0.7421 0.7294 0.2110 0.2214 0.2459 0.0638 0.0045 0.9442 0.1026 0.1172 0.0622 0.0645 0.0020 0.7456 0.7168 0.2090 0.2016
0.0014 0.0189 0.0177 0.0014 0.0202 0.0023 0.0176 0.0011 0.0161 0.0228 0.0008 0.0009 0.0011 0.0010 0.0011 0.0012 0.0008 0.0008 0.0010 0.3129 0.0764 0.6619 0.6711 0.2748 0.2806 0.2386 0.0898 0.0055 0.9533 0.1013 0.1577 0.0671 0.0756 0.0034 0.6444 0.6927 0.2620 0.2236
0.0016 0.0211 0.0137 0.0018 0.0198 0.0011 0.0144 0.0012 0.0222 0.0205 0.0014 0.0011 0.0008 0.0012 0.0012 0.0008 0.0008 0.0010 0.0016 0.2540 0.0365 0.8396 0.7825 0.0991 0.1093 0.1815 0.0575 0.0067 0.9670 0.1139 0.0715 0.0646 0.0316 0.0022 0.8361 0.8019 0.0895 0.0981
0.0018 0.0238 0.0184 0.0016 0.0202 0.0008 0.0124 0.0011 0.0174 0.0127 0.0013 0.0014 0.0008 0.0013 0.0008 0.0012 0.0015 0.0017 0.0009 0.4111 0.0732 0.6191 0.6468 0.2757 0.2387 0.1813 0.0841 0.0038 0.9642 0.0996 0.1446 0.0813 0.0383 0.0022 0.6533 0.6622 0.2701 0.2904
0.0024 0.0193 0.0203 0.0017 0.0200 0.0014 0.0146 0.0014 0.0297 0.0187 0.0012 0.0014 0.0010 0.0011 0.0012 0.0015 0.0018 0.0011 0.0010 0.4560 0.0641 0.6027 0.6042 0.2793 0.2405 0.2102 0.0743 0.0038 0.9499 0.1451 0.1597 0.0377 0.0864 0.0019 0.5918 0.6017 0.2592 0.2128
0.0013 0.0292 0.0187 0.0017 0.0193 0.0010 0.0204 0.0009 0.0272 0.0208 0.0009 0.0011 0.0011 0.0012 0.0011 0.0010 0.0011 0.0009 0.0008 0.4256 0.0797 0.5923 0.6326 0.1559 0.1382 0.2768 0.0856 0.0030 0.9648 0.0814 0.2277 0.0669 0.0567 0.0037 0.5941 0.6051 0.1652 0.1431
0.0014 0.0170 0.0188 0.0010 0.0170 0.0035 0.0174 0.0019 0.0214 0.0154 0.0014 0.0013 0.0015 0.0016 0.0015 0.0017 0.0012 0.0009 0.0021 0.3499 0.0489 0.7331 0.7181 0.1943 0.2079 0.2428 0.0580 0.0047 0.9605 0.0773 0.1085 0.0760 0.0371 0.0028 0.7260 0.6805 0.1954 0.2089
0.0012 0.0278 0.0168 0.0011 0.0147 0.0013 0.0232 0.0013 0.0229 0.0139 0.0020 0.0014 0.0013 0.0013 0.0016 0.0015 0.0010 0.0014 0.0016 0.3928 0.0462 0.9102 0.9157 0.0273 0.0384 0.1134 0.0762 0.0047 0.9593 0.0854 0.0731 0.0845 0.0261 0.0026 0.9131 0.9152 0.0383 0.0363
0.0012 0.0348 0.0176 0.0009 0.0176 0.0013 0.0166 0.0012 0.0173 0.0212 0.0015 0.0009 0.0018 0.0009 0.0017 0.0014 0.0012 0.0009 0.0010 0.3743 0.0637 0.7183 0.6958 0.1457 0.1607 0.2494 0.0543 0.0075 0.9509 0.1014 0.1169 0.0485 0.0531 0.0024 0.7244 0.7387 0.1605 0.1658
0.0019 0.0281 0.0118 0.0010 0.0169 0.0012 0.0214 0.0017 0.0195 0.0247 0.0013 0.0017 0.0011 0.0008 0.0010 0.0012 0.0012 0.0011 0.0013 0.4147 0.0699 0.6792 0.6500 0.1742 0.1642 0.2361 0.0457 0.0042 0.9567 0.1036 0.1069 0.0655 0.0504 0.0032 0.6548 0.6354 0.1893 0.1919
0.0013 0.0144 0.0211 0.0009 0.0253 0.0006 0.0162 0.0013 0.0246 0.0145 0.0016 0.0014 0.0010 0.0010 0.0010 0.0015 0.0013 0.0012 0.0014 0.3119 0.0733 0.7525 0.7158 0.1951 0.1750 0.2190 0.0444 0.0044 0.9571 0.1440 0.1203 0.0916 0.0691 0.0016 0.7344 0.7186 0.1910 0.1855
0.0015 0.0239 0.0127 0.0017 0.0204 0.0013 0.0245 0.0009 0.0168 0.0152 0.0024 0.0012 0.0017 0.0015 0.0014 0.0010 0.0010 0.0010 0.0015 0.2858 0.0511 0.9071 0.9505 0.0156 0.0204 0.1701 0.0711 0.0038 0.9530 0.0838 0.1177 0.0817 0.0333 0.0022 0.9026 0.8888 0.0240 0.0204
0.0011 0.0286 0.0161 0.0016 0.0202 0.0009 0.0181 0.0010 0.0133 0.0145 0.0016 0.0012 0.0017 0.0015 0.0019 0.0011 0.0012 0.0009 0.0008 0.3867 0.0677 0.7497 0.7553 0.2258 0.1966 0.1892 0.0545 0.0066 0.9589 0.0736 0.0734 0.0457 0.0517 0.0030 0.7542 0.7417 0.1857 0.1680
0.0013 0.0167 0.0223 0.0010 0.0139 0.0012 0.0292 0.0017 0.0142 0.0225 0.0007 0.0015 0.0014 0.0014 0.0012 0.0011 0.0009 0.0010 0.0017 0.2982 0.0676 0.6524 0.6569 0.1662 0.1936 0.2160 0.0492 0.0036 0.9669 0.0809 0.1219 0.0721 0.0725 0.0023 0.6677 0.6820 0.2415 0.1946
0.0012 0.0161 0.0339 0.0013 0.0202 0.0010 0.0156 0.0014 0.0268 0.0152 0.0012 0.0011 0.0014 0.0014 0.0017 0.0012 0.0012 0.0009 0.0016 0.3700 0.0571 0.6888 0.6934 0.2318 0.1706 0.2565 0.0302 0.0075 0.9492 0.0906 0.1333 0.0803 0.0446 0.0028 0.6972 0.6759 0.2130 0.2208
0.0012 0.0134 0.0120 0.0008 0.0148 0.0007 0.0140 0.0012 0.0247 0.0238 0.0009 0.0008 0.0012 0.0019 0.0016 0.0011 0.0013 0.0011 0.0013 0.4319 0.0407 0.9246 0.9241 0.0194 0.0187 0.0930 0.0529 0.0031 0.9644 0.0743 0.1093 0.0543 0.0402 0.0020 0.9427 0.9573 0.0202 0.0179
0.0022 0.0226 0.0314 0.0015 0.0396 0.0014 0.0236 0.0022 0.0241 0.0155 0.0016 0.0021 0.0021 0.0016 0.0017 0.0014 0.0019 0.0022 0.0018 0.3368 0.0930 0.5102 0.5550 0.3387 0.3382 0.2537 0.0501 0.0074 0.9660 0.1333 0.1455 0.0514 0.0847 0.0024 0.5514 0.5417 0.3419 0.3207
0.0017 0.0256 0.0218 0.0012 0.0188 0.0009 0.0213 0.0013 0.0253 0.0167 0.0012 0.0014 0.0015 0.0013 0.0010 0.0019 0.0012 0.0016 0.0011 0.4071 0.0564 0.8373 0.7750 0.0928 0.1089 0.1911 0.0569 0.0032 0.9642 0.1352 0.1146 0.0804 0.0750 0.0021 0.7903 0.8248 0.0994 0.1100
0.0012 0.0222 0.0192 0.0013 0.0152 0.0011 0.0132 0.0010 0.0181 0.0182 0.0013 0.0012 0.0016 0.0009 0.0010 0.0013 0.0011 0.0010 0.0014 0.3734 0.0536 0.7116 0.7426 0.1965 0.1785 0.1498 0.0616 0.0049 0.9697 0.1065 0.1407 0.0631 0.0559 0.0030 0.7104 0.7325 0.1666 0.1621
0.0015 0.0254 0.0228 0.0011 0.0196 0.0013 0.0153 0.0013 0.0159 0.0145 0.0007 0.0011 0.0007 0.0015 0.0015 0.0012 0.0014 0.0011 0.0015 0.3115 0.0715 0.7130 0.6810 0.2366 0.2118 0.2355 0.0552 0.0049 0.9559 0.1292 0.1350 0.0605 0.0631 0.0026 0.7062 0.7153 0.2185 0.1926
0.0011 0.0216 0.0117 0.0008 0.0153 0.0008 0.0154 0.0012 0.0193 0.0132 0.0005 0.0011 0.0017 0.0018 0.0008 0.0014 0.0011 0.0016 0.0012 0.3165 0.0726 0.5570 0.5059 0.2397 0.3144 0.2614 0.0501 0.0058 0.9638 0.1209 0.1051 0.0623 0.0826 0.0031 0.5236 0.5131 0.2584 0.2659
0.0011 0.0283 0.0243 0.0012 0.0441 0.0015 0.0197 0.0010 0.0185 0.0249 0.0018 0.0014 0.0011 0.0014 0.0010 0.0016 0.0017 0.0013 0.0014 0.3465 0.0712 0.4804 0.4820 0.4130 0.4153 0.2619 0.0570 0.0043 0.9419 0.1383 0.1950 0.0735 0.0822 0.0040 0.4691 0.4822 0.4017 0.4204
0.0018 0.0257 0.0215 0.0008 0.0235 0.0013 0.0139 0.0010 0.0183 0.0234 0.0012 0.0014 0.0009 0.0011 0.0009 0.0020 0.0014 0.0017 0.0014 0.3292 0.0873 0.5462 0.5560 0.3948 0.3795 0.2613 0.0475 0.0047 0.9539 0.1146 0.1582 0.0740 0.0568 0.0028 0.5504 0.5619 0.3666 0.3861
0.0014 0.0137 0.0213 0.0013 0.0291 0.0009 0.0188 0.0016 0.0231 0.0135 0.0014 0.0012 0.0022 0.0015 0.0023 0.0010 0.0009 0.0010 0.0013 0.3452 0.0639 0.7807 0.8064 0.0909 0.1263 0.2121 0.0545 0.0028 0.9647 0.0676 0.1339 0.0762 0.0705 0.0016 0.7547 0.8027 0.0950 0.1006
0.0012 0.0167 0.0208 0.0011 0.0173 0.0009 0.0138 0.0011 0.0140 0.0120 0.0010 0.0012 0.0010 0.0022 0.0009 0.0011 0.0005 0.0012 0.0014 0.3803 0.0468 0.6400 0.6572 0.2634 0.2536 0.1987 0.0360 0.0031 0.9514 0.0886 0.1139 0.0614 0.0606 0.0016 0.6710 0.6689 0.2833 0.2667
0.0013 0.0260 0.0178 0.0013 0.0141 0.0010 0.0147 0.0013 0.0213 0.0195 0.0009 0.0007 0.0010 0.0010 0.0011 0.0010 0.0012 0.0009 0.0025 0.2661 0.0573 0.7448 0.7470 0.1582 0.1660 0.1964 0.0558 0.0063 0.9508 0.0751 0.1343 0.0535 0.0315 0.0021 0.7670 0.7675 0.1904 0.1693
0.0013 0.0133 0.0221 0.0012 0.0241 0.0009 0.0174 0.0011 0.0189 0.0146 0.0016 0.0008 0.0008 0.0013 0.0018 0.0009 0.0010 0.0011 0.0011 0.3160 0.0493 0.7469 0.7525 0.1888 0.1926 0.1968 0.0675 0.0038 0.9432 0.0994 0.1222 0.0512 0.0351 0.0020 0.7508 0.7191 0.2030 0.1797
0.0014 0.0219 0.0211 0.0013 0.0199 0.0019 0.0129 0.0020 0.0169 0.0155 0.0012 0.0008 0.0016 0.0013 0.0006 0.0013 0.0008 0.0010 0.0013 0.3852 0.0848 0.6347 0.6710 0.2613 0.2786 0.2110 0.0738 0.0048 0.9469 0.1090 0.1376 0.0600 0.0430 0.0023 0.6550 0.6468 0.2442 0.2373
0.0009 0.0258 0.0180 0.0010 0.0203 0.0011 0.0196 0.0014 0.0173 0.0161 0.0011 0.0021 0.0014 0.0010 0.0012 0.0010 0.0008 0.0010 0.0014 0.3531 0.0372 0.7629 0.7582 0.1012 0.1591 0.1701 0.0678 0.0040 0.9726 0.1113 0.1636 0.0609 0.0333 0.0022 0.7717 0.7538 0.1328 0.1487
0.0015 0.0227 0.0201 0.0012 0.0244 0.0011 0.0155 0.0011 0.0324 0.0122 0.0009 0.0009 0.0012 0.0008 0.0010 0.0014 0.0017 0.0010 0.0013 0.2925 0.0595 0.7161 0.6973 0.1530 0.1128 0.2281 0.0674 0.0029 0.9612 0.1075 0.1395 0.0710 0.0613 0.0019 0.6370 0.7027 0.1363 0.1425
0.0016 0.0355 0.0202 0.0018 0.0214 0.0010 0.0235 0.0015 0.0229 0.0197 0.0021 0.0013 0.0019 0.0020 0.0015 0.0021 0.0013 0.0012 0.0013 0.3096 0.0980 0.7255 0.7082 0.2018 0.1849 0.2643 0.0566 0.0034 0.9671 0.1074 0.1003 0.0877 0.0774 0.0034 0.7026 0.7225 0.2042 0.1951
0.0015 0.0261 0.0249 0.0013 0.0173 0.0010 0.0216 0.0013 0.0235 0.0170 0.0009 0.0010 0.0010 0.0009 0.0012 0.0007 0.0013 0.0013 0.0011 0.3942 0.0588 0.7388 0.6956 0.2059 0.1779 0.2575 0.0658 0.0036 0.9594 0.0617 0.1502 0.0611 0.0336 0.0024 0.7194 0.7191 0.1599 0.1741
0.0017 0.0174 0.0190 0.0012 0.0198 0.0009 0.0133 0.0018 0.0238 0.0116 0.0015 0.0013 0.0009 0.0009 0.0007 0.0013 0.0011 0.0007 0.0013 0.3317 0.0518 0.7638 0.8134 0.1001 0.0948 0.2790 0.0621 0.0052 0.9586 0.0996 0.1077 0.0702 0.0558 0.0026 0.7929 0.7958 0.0927 0.0978
0.0007 0.0210 0.0149 0.0007 0.0281 0.0009 0.0161 0.0011 0.0197 0.0181 0.0013 0.0010 0.0024 0.0011 0.0010 0.0007 0.0009 0.0010 0.0018 0.3576 0.0512 0.7559 0.7743 0.0833 0.1212 0.1723 0.0549 0.0054 0.9672 0.0985 0.0805 0.0778 0.0448 0.0032 0.7281 0.7225 0.0886 0.0999
0.0017 0.0188 0.0189 0.0011 0.0271 0.0012 0.0137 0.0013 0.0205 0.0196 0.0015 0.0010 0.0009 0.0014 0.0017 0.0010 0.0015 0.0012 0.0018 0.2557 0.0516 0.8271 0.8563 0.0799 0.0780 0.1494 0.0727 0.0032 0.9576 0.0923 0.1292 0.0709 0.0406 0.0027 0.8582 0.8311 0.0735 0.0411
0.0010 0.0111 0.0207 0.0015 0.0133 0.0016 0.0159 0.0010 0.0205 0.0185 0.0009 0.0014 0.0016 0.0011 0.0015 0.0011 0.0014 0.0012 0.0015 0.3817 0.0521 0.7845 0.7777 0.1462 0.1944 0.1985 0.0576 0.0066 0.9504 0.0946 0.1175 0.0708 0.0431 0.0034 0.7743 0.7656 0.1714 0.1807
0.0013 0.0193 0.0216 0.0018 0.0258 0.0015 0.0216 0.0018 0.0218 0.0483 0.0015 0.0010 0.0012 0.0010 0.0015 0.0015 0.0013 0.0014 0.0022 0.3589 0.0785 0.5660 0.5498 0.2810 0.3056 0.3118 0.0509 0.0047 0.9551 0.0967 0.1601 0.0518 0.0840 0.0027 0.5491 0.5139 0.2966 0.2907
0.0012 0.0331 0.0194 0.0010 0.0152 0.0012 0.0161 0.0008 0.0253 0.0107 0.0013 0.0016 0.0011 0.0008 0.0013 0.0012 0.0010 0.0010 0.0015 0.3976 0.0724 0.7768 0.7690 0.1953 0.2029 0.2093 0.0556 0.0044 0.9693 0.1100 0.1397 0.0526 0.0545 0.0023 0.7534 0.7695 0.2033 0.2102
0.0011 0.0223 0.0171 0.0010 0.0141 0.0014 0.0237 0.0021 0.0180 0.0203 0.0013 0.0016 0.0021 0.0010 0.0017 0.0022 0.0013 0.0012 0.0016 0.4245 0.0581 0.8203 0.8427 0.1161 0.1012 0.1795 0.0708 0.0053 0.9433 0.1117 0.0787 0.0811 0.0618 0.0038 0.8307 0.8475 0.1224 0.0919
0.0016 0.0146 0.0296 0.0013 0.0222 0.0014 0.0186 0.0012 0.0243 0.0287 0.0010 0.0015 0.0015 0.0015 0.0013 0.0017 0.0012 0.0019 0.0009 0.3734 0.0695 0.6630 0.6162 0.2299 0.2437 0.2366 0.0561 0.0037 0.9705 0.1355 0.1503 0.0777 0.0344 0.0028 0.6383 0.6243 0.2606 0.2217
0.0013 0.0249 0.0157 0.0009 0.0217 0.0013 0.0149 0.0009 0.0243 0.0120 0.0015 0.0015 0.0015 0.0015 0.0015 0.0015 0.0010 0.0010 0.0013 0.3894 0.0618 0.8583 0.8518 0.1060 0.1039 0.1663 0.0514 0.0040 0.9435 0.1209 0.1242 0.0665 0.0512 0.0026 0.8457 0.8501 0.1041 0.0853
0.0016 0.0194 0.0233 0.0012 0.0232 0.0020 0.0185 0.0019 0.0197 0.0284 0.0010 0.0010 0.0015 0.0013 0.0012 0.0014 0.0015 0.0018 0.0011 0.4451 0.0696 0.4420 0.4092 0.4296 0.4049 0.3187 0.0525 0.0050 0.9581 0.1679 0.1519 0.0488 0.0758 0.0019 0.4265 0.4759 0.4432 0.4497
0.0015 0.0211 0.0178 0.0009 0.0136 0.0010 0.0133 0.0012 0.0203 0.0113 0.0011 0.0010 0.0011 0.0006 0.0023 0.0009 0.0012 0.0011 0.0011 0.3352 0.0363 0.8848 0.8226 0.0422 0.0891 0.1430 0.0536 0.0048 0.9621 0.0663 0.1125 0.0802 0.0367 0.0024 0.7973 0.8750 0.0666 0.0467
0.0012 0.0207 0.0179 0.0008 0.0138 0.0009 0.0265 0.0011 0.0196 0.0239 0.0012 0.0011 0.0014 0.0012 0.0009 0.0007 0.0009 0.0008 0.0011 0.3938 0.0594 0.7603 0.8089 0.0559 0.0418 0.1488 0.0687 0.0048 0.9582 0.0803 0.1209 0.0673 0.0421 0.0013 0.8413 0.8155 0.0491 0.0316
0.0016 0.0169 0.0137 0.0011 0.0265 0.0009 0.0241 0.0015 0.0230 0.0149 0.0014 0.0016 0.0028 0.0012 0.0017 0.0014 0.0014 0.0018 0.0016 0.3228 0.0504 0.7770 0.7749 0.1613 0.1744 0.1452 0.0571 0.0048 0.9568 0.1182 0.1189 0.0687 0.0374 0.0027 0.7541 0.7780 0.1233 0.1438
0.0019 0.0142 0.0131 0.0009 0.0151 0.0008 0.0122 0.0008 0.0237 0.0157 0.0007 0.0007 0.0008 0.0010 0.0008 0.0010 0.0016 0.0013 0.0015 0.3199 0.0869 0.6203 0.6087 0.2719 0.2839 0.2352 0.0940 0.0034 0.9650 0.0855 0.1452 0.0512 0.0672 0.0025 0.5923 0.5701 0.2800 0.2851
0.0016 0.0300 0.0202 0.0015 0.0200 0.0016 0.0197 0.0014 0.0304 0.0364 0.0021 0.0012 0.0018 0.0017 0.0015 0.0016 0.0012 0.0008 0.0011 0.3771 0.0777 0.6068 0.6053 0.2312 0.2092 0.2598 0.0779 0.0050 0.9670 0.0835 0.0977 0.0740 0.0563 0.0036 0.5798 0.6047 0.2848 0.2250
0.0019 0.0143 0.0195 0.0010 0.0235 0.0013 0.0210 0.0011 0.0148 0.0190 0.0011 0.0016 0.0012 0.0013 0.0012 0.0021 0.0013 0.0008 0.0011 0.4043 0.0660 0.7204 0.7065 0.2106 0.2186 0.2015 0.0750 0.0054 0.9528 0.0971 0.1597 0.0716 0.0464 0.0042 0.6745 0.6990 0.2059 0.2154
