0.0524 0.0006 0.0007 0.0008 0.0006 0.0004 0.0014 0.0005 0.0054 0.0005 0.0005 0.0005 0.0004 0.0005 0.0004 0.0007 0.0007 0.0005 0.0005 0.1059 0.1383 0.0331 0.0278 0.2668 0.2941 0.8289 0.1379 0.4697 0.4085 0.2755 0.5405 0.2489 0.8444 0.2760 0.0222 0.0367 0.2770 0.2851
0.0318 0.0006 0.0007 0.0004 0.0003 0.0003 0.0018 0.0006 0.0057 0.0003 0.0003 0.0004 0.0003 0.0005 0.0003 0.0005 0.0004 0.0003 0.0006 0.1561 0.0813 0.0465 0.0390 0.4028 0.3953 0.6974 0.2475 0.3775 0.5181 0.2494 0.4900 0.3571 0.6676 0.2166 0.0353 0.0241 0.3616 0.3961
0.0216 0.0005 0.0009 0.0004 0.0004 0.0003 0.0020 0.0005 0.0062 0.0003 0.0005 0.0003 0.0003 0.0006 0.0005 0.0004 0.0003 0.0004 0.0005 0.0219 0.1247 0.0201 0.0427 0.1323 0.1020 0.8907 0.0326 0.5845 0.2426 0.3724 0.7090 0.1219 0.8958 0.3765 0.0179 0.0246 0.1067 0.1056
0.0685 0.0012 0.0006 0.0005 0.0004 0.0003 0.0015 0.0008 0.0118 0.0002 0.0004 0.0003 0.0004 0.0005 0.0005 0.0005 0.0005 0.0003 0.0006 0.0051 0.1473 0.0218 0.0276 0.1798 0.1860 0.9554 0.0059 0.6501 0.2452 0.4376 0.7447 0.1563 0.9378 0.3745 0.0185 0.0254 0.1818 0.1795
0.0351 0.0008 0.0007 0.0006 0.0004 0.0006 0.0016 0.0005 0.0081 0.0003 0.0005 0.0006 0.0005 0.0010 0.0004 0.0005 0.0006 0.0005 0.0007 0.0084 0.1178 0.0275 0.0467 0.2215 0.2056 0.9295 0.0447 0.5052 0.2747 0.2445 0.7312 0.1913 0.8892 0.3170 0.0126 0.0293 0.1828 0.2087
0.0283 0.0007 0.0009 0.0003 0.0004 0.0007 0.0015 0.0007 0.0109 0.0007 0.0004 0.0005 0.0003 0.0007 0.0005 0.0005 0.0003 0.0006 0.0006 0.0710 0.0368 0.0440 0.0209 0.4883 0.4848 0.7628 0.2301 0.1923 0.6328 0.0883 0.2630 0.3537 0.6391 0.1226 0.0286 0.0366 0.3600 0.4853
0.0172 0.0008 0.0005 0.0005 0.0005 0.0007 0.0020 0.0006 0.0056 0.0003 0.0006 0.0004 0.0005 0.0006 0.0005 0.0008 0.0004 0.0004 0.0009 0.0031 0.1348 0.0431 0.0280 0.1098 0.1080 0.9740 0.0310 0.5296 0.2443 0.3500 0.7129 0.1394 0.9577 0.3662 0.0235 0.0380 0.1249 0.1146
0.0367 0.0005 0.0010 0.0004 0.0004 0.0003 0.0023 0.0008 0.0050 0.0005 0.0003 0.0004 0.0004 0.0008 0.0004 0.0004 0.0003 0.0004 0.0006 0.0263 0.0472 0.0331 0.0243 0.2118 0.2171 0.8787 0.0512 0.3667 0.4589 0.1315 0.5270 0.2167 0.8209 0.1945 0.0320 0.0240 0.1920 0.2229
0.0284 0.0010 0.0011 0.0006 0.0004 0.0004 0.0017 0.0007 0.0082 0.0004 0.0005 0.0003 0.0005 0.0013 0.0005 0.0006 0.0004 0.0003 0.0006 0.0346 0.1214 0.0234 0.0173 0.1509 0.1723 0.9116 0.0607 0.5669 0.2728 0.2916 0.6884 0.1446 0.8140 0.2516 0.0390 0.0335 0.0864 0.1778
0.0163 0.0008 0.0005 0.0002 0.0004 0.0005 0.0007 0.0006 0.0064 0.0004 0.0003 0.0003 0.0005 0.0008 0.0005 0.0005 0.0003 0.0004 0.0006 0.0229 0.0950 0.0140 0.0130 0.1571 0.1618 0.9307 0.0423 0.4617 0.2913 0.2872 0.6574 0.2120 0.8442 0.2322 0.0211 0.0225 0.1737 0.1585
0.0412 0.0012 0.0008 0.0005 0.0005 0.0004 0.0019 0.0008 0.0050 0.0004 0.0004 0.0002 0.0006 0.0007 0.0004 0.0005 0.0004 0.0005 0.0005 0.0296 0.0970 0.0358 0.0295 0.2252 0.2058 0.8848 0.0882 0.5946 0.3142 0.2192 0.6690 0.2229 0.8738 0.3977 0.0273 0.0478 0.1758 0.1966
0.0896 0.0009 0.0009 0.0005 0.0004 0.0005 0.0023 0.0007 0.0051 0.0003 0.0005 0.0004 0.0006 0.0006 0.0004 0.0005 0.0003 0.0004 0.0007 0.0378 0.0880 0.0447 0.0334 0.4045 0.4214 0.8234 0.1191 0.4419 0.5043 0.2347 0.4944 0.3209 0.7675 0.2798 0.0240 0.0356 0.3619 0.4072
0.0759 0.0009 0.0010 0.0005 0.0005 0.0006 0.0036 0.0009 0.0098 0.0004 0.0007 0.0008 0.0005 0.0011 0.0006 0.0005 0.0004 0.0007 0.0010 0.0695 0.0769 0.0495 0.0541 0.4177 0.4132 0.8460 0.2232 0.4144 0.4807 0.2272 0.4946 0.3579 0.7430 0.1860 0.0434 0.0422 0.3608 0.4216
0.0187 0.0011 0.0008 0.0004 0.0005 0.0006 0.0015 0.0006 0.0084 0.0003 0.0004 0.0004 0.0004 0.0006 0.0004 0.0007 0.0003 0.0003 0.0004 0.0622 0.1098 0.0218 0.0291 0.1953 0.2015 0.8993 0.0828 0.5877 0.2709 0.3167 0.6878 0.2001 0.8647 0.3416 0.0180 0.0245 0.1820 0.2002
0.0161 0.0008 0.0006 0.0002 0.0006 0.0004 0.0012 0.0004 0.0080 0.0003 0.0003 0.0002 0.0002 0.0007 0.0003 0.0004 0.0005 0.0003 0.0004 0.0098 0.0994 0.0245 0.0313 0.1033 0.0941 0.9022 0.0349 0.3992 0.3285 0.2427 0.6640 0.1064 0.8845 0.2239 0.0274 0.0295 0.0833 0.0986
0.0191 0.0009 0.0010 0.0002 0.0003 0.0004 0.0022 0.0003 0.0043 0.0003 0.0005 0.0003 0.0003 0.0006 0.0004 0.0004 0.0004 0.0004 0.0004 0.0010 0.1500 0.0238 0.0282 0.0047 0.0019 0.9810 0.0025 0.7461 0.0492 0.4216 0.9421 0.0453 0.9823 0.3567 0.0149 0.0320 0.0158 0.0030
0.0404 0.0006 0.0009 0.0007 0.0005 0.0006 0.0033 0.0008 0.0066 0.0005 0.0003 0.0005 0.0006 0.0008 0.0006 0.0004 0.0005 0.0003 0.0006 0.0975 0.0637 0.0315 0.0299 0.3905 0.3977 0.8127 0.1417 0.2814 0.5300 0.1758 0.4722 0.3417 0.7457 0.1779 0.0305 0.0192 0.3579 0.3978
0.0358 0.0004 0.0008 0.0005 0.0003 0.0004 0.0013 0.0006 0.0060 0.0003 0.0004 0.0004 0.0002 0.0006 0.0003 0.0003 0.0004 0.0004 0.0005 0.0565 0.0872 0.0255 0.0352 0.1187 0.1201 0.8706 0.0684 0.4017 0.3011 0.2564 0.6542 0.1425 0.8565 0.2980 0.0322 0.0133 0.1506 0.1301
0.0319 0.0007 0.0007 0.0004 0.0002 0.0003 0.0014 0.0009 0.0058 0.0003 0.0003 0.0003 0.0003 0.0004 0.0003 0.0003 0.0003 0.0005 0.0005 0.0055 0.0838 0.0267 0.0242 0.2056 0.2024 0.9769 0.0240 0.5224 0.2673 0.1890 0.6135 0.1906 0.8266 0.2913 0.0219 0.0413 0.2133 0.2020
0.0163 0.0008 0.0008 0.0004 0.0004 0.0004 0.0016 0.0004 0.0076 0.0003 0.0003 0.0005 0.0005 0.0007 0.0003 0.0004 0.0004 0.0004 0.0006 0.0079 0.0555 0.0396 0.0174 0.1465 0.2080 0.9089 0.0154 0.3943 0.3405 0.1948 0.5502 0.2237 0.9080 0.3025 0.0394 0.0303 0.1695 0.1778
0.0401 0.0008 0.0006 0.0004 0.0004 0.0004 0.0016 0.0007 0.0073 0.0003 0.0003 0.0003 0.0003 0.0006 0.0005 0.0003 0.0006 0.0003 0.0006 0.0642 0.0785 0.0449 0.0319 0.1759 0.1740 0.8562 0.1019 0.4926 0.3244 0.2238 0.6349 0.1915 0.8456 0.2392 0.0225 0.0306 0.1682 0.1853
0.0207 0.0007 0.0007 0.0003 0.0005 0.0004 0.0017 0.0005 0.0083 0.0003 0.0004 0.0005 0.0005 0.0005 0.0005 0.0002 0.0005 0.0004 0.0004 0.0527 0.0938 0.0293 0.0296 0.2915 0.2769 0.7981 0.1385 0.4630 0.3339 0.3453 0.6517 0.2509 0.7803 0.2434 0.0303 0.0359 0.2107 0.2644
0.0191 0.0007 0.0008 0.0004 0.0003 0.0004 0.0025 0.0006 0.0057 0.0003 0.0006 0.0004 0.0003 0.0009 0.0003 0.0004 0.0005 0.0005 0.0006 0.0163 0.0942 0.0268 0.0369 0.1910 0.1967 0.9449 0.0490 0.6700 0.2304 0.3738 0.7585 0.1514 0.8445 0.3209 0.0210 0.0275 0.1753 0.1995
0.0309 0.0006 0.0009 0.0002 0.0005 0.0004 0.0020 0.0007 0.0060 0.0005 0.0003 0.0003 0.0002 0.0005 0.0005 0.0005 0.0003 0.0003 0.0005 0.0717 0.0347 0.0381 0.0366 0.3474 0.3201 0.6176 0.1639 0.2009 0.6043 0.0864 0.3184 0.3361 0.6700 0.1511 0.0461 0.0373 0.2953 0.2885
0.0545 0.0008 0.0011 0.0004 0.0004 0.0005 0.0020 0.0004 0.0050 0.0003 0.0007 0.0003 0.0005 0.0006 0.0005 0.0007 0.0003 0.0006 0.0006 0.0190 0.1199 0.0222 0.0137 0.1737 0.1769 0.9633 0.0177 0.5556 0.2594 0.2696 0.6715 0.1543 0.8960 0.3039 0.0153 0.0278 0.1861 0.1720
0.0470 0.0006 0.0005 0.0003 0.0003 0.0005 0.0015 0.0004 0.0079 0.0004 0.0003 0.0003 0.0003 0.0006 0.0003 0.0004 0.0003 0.0004 0.0004 0.0522 0.0943 0.0269 0.0382 0.2866 0.2955 0.9295 0.0698 0.5071 0.3335 0.3038 0.6831 0.2451 0.8455 0.2684 0.0301 0.0227 0.2890 0.2963
0.0530 0.0009 0.0008 0.0003 0.0004 0.0004 0.0020 0.0006 0.0075 0.0003 0.0002 0.0004 0.0003 0.0007 0.0005 0.0004 0.0003 0.0003 0.0005 0.0495 0.1031 0.0401 0.0345 0.3660 0.3855 0.7998 0.1554 0.3758 0.4978 0.2314 0.5359 0.3135 0.8050 0.3102 0.0303 0.0259 0.3196 0.3739
0.0113 0.0005 0.0007 0.0002 0.0004 0.0004 0.0015 0.0005 0.0063 0.0002 0.0004 0.0003 0.0004 0.0004 0.0005 0.0004 0.0004 0.0003 0.0007 0.0410 0.1134 0.0147 0.0320 0.0965 0.1027 0.8575 0.0763 0.4691 0.3477 0.2738 0.5423 0.2157 0.8416 0.3172 0.0288 0.0208 0.1426 0.1254
0.1271 0.0012 0.0011 0.0007 0.0003 0.0004 0.0011 0.0009 0.0087 0.0003 0.0005 0.0004 0.0004 0.0006 0.0004 0.0004 0.0003 0.0004 0.0007 0.0406 0.0920 0.0279 0.0161 0.4627 0.4515 0.9032 0.1095 0.4587 0.4713 0.2279 0.5014 0.2770 0.8565 0.2036 0.0218 0.0373 0.3403 0.4260
0.0300 0.0004 0.0009 0.0003 0.0004 0.0003 0.0029 0.0005 0.0060 0.0003 0.0006 0.0005 0.0003 0.0006 0.0004 0.0006 0.0003 0.0004 0.0006 0.1171 0.0962 0.0522 0.0711 0.3524 0.3464 0.7761 0.2004 0.3893 0.4430 0.2527 0.5485 0.2920 0.7751 0.1950 0.0518 0.0351 0.2869 0.3332
0.0896 0.0012 0.0008 0.0004 0.0006 0.0006 0.0014 0.0008 0.0066 0.0004 0.0003 0.0005 0.0003 0.0006 0.0004 0.0003 0.0003 0.0005 0.0009 0.0194 0.1337 0.0237 0.0232 0.2857 0.2914 0.9608 0.0163 0.6567 0.3524 0.4155 0.6826 0.2591 0.9428 0.3636 0.0237 0.0210 0.2771 0.2914
0.0320 0.0008 0.0005 0.0005 0.0004 0.0005 0.0020 0.0007 0.0058 0.0004 0.0004 0.0003 0.0004 0.0007 0.0004 0.0004 0.0003 0.0004 0.0005 0.0434 0.0737 0.0512 0.0456 0.2051 0.1988 0.8819 0.1040 0.3896 0.4501 0.2663 0.5343 0.2125 0.8451 0.2644 0.0271 0.0748 0.2004 0.1911
0.0264 0.0007 0.0007 0.0005 0.0004 0.0004 0.0013 0.0004 0.0062 0.0004 0.0003 0.0003 0.0005 0.0005 0.0004 0.0004 0.0005 0.0005 0.0005 0.0406 0.1142 0.0279 0.0276 0.1184 0.1332 0.9021 0.0591 0.5215 0.2008 0.3082 0.7742 0.1343 0.8703 0.3692 0.0192 0.0455 0.1176 0.1069
0.0641 0.0007 0.0010 0.0004 0.0003 0.0004 0.0017 0.0006 0.0041 0.0003 0.0005 0.0005 0.0003 0.0005 0.0005 0.0004 0.0004 0.0005 0.0004 0.0484 0.0508 0.0442 0.0438 0.4064 0.4339 0.7735 0.1500 0.2174 0.5837 0.1177 0.3670 0.3995 0.8162 0.1825 0.0420 0.0512 0.3467 0.3899
0.0575 0.0006 0.0008 0.0004 0.0006 0.0004 0.0012 0.0008 0.0080 0.0004 0.0006 0.0006 0.0004 0.0007 0.0004 0.0005 0.0005 0.0004 0.0005 0.0290 0.0734 0.0348 0.0217 0.4278 0.4008 0.8730 0.0937 0.3276 0.5195 0.2266 0.4500 0.3559 0.7472 0.2300 0.0311 0.0220 0.3717 0.3663
0.0341 0.0005 0.0004 0.0003 0.0003 0.0003 0.0018 0.0006 0.0089 0.0003 0.0004 0.0005 0.0003 0.0005 0.0003 0.0004 0.0004 0.0003 0.0006 0.0091 0.0499 0.0197 0.0288 0.2171 0.1957 0.8763 0.0302 0.2564 0.3347 0.1712 0.4403 0.2462 0.8532 0.1965 0.0241 0.0316 0.2199 0.1560
0.0380 0.0006 0.0009 0.0005 0.0004 0.0004 0.0015 0.0006 0.0062 0.0003 0.0007 0.0003 0.0002 0.0011 0.0005 0.0006 0.0004 0.0004 0.0005 0.0091 0.1034 0.0160 0.0158 0.1037 0.0977 0.9731 0.0135 0.6391 0.1806 0.2946 0.7827 0.0982 0.9281 0.3656 0.0123 0.0169 0.0972 0.1016
0.0144 0.0008 0.0006 0.0003 0.0003 0.0003 0.0024 0.0006 0.0081 0.0004 0.0005 0.0003 0.0005 0.0006 0.0004 0.0004 0.0003 0.0004 0.0005 0.0996 0.1072 0.0321 0.0362 0.1505 0.1505 0.7595 0.1185 0.4138 0.3667 0.1775 0.5952 0.2108 0.7488 0.2681 0.0396 0.0398 0.1652 0.1516
0.0828 0.0004 0.0007 0.0003 0.0004 0.0003 0.0017 0.0005 0.0079 0.0004 0.0005 0.0004 0.0003 0.0004 0.0004 0.0009 0.0004 0.0006 0.0006 0.0777 0.0773 0.0253 0.0177 0.4055 0.3998 0.8567 0.0607 0.3203 0.4337 0.2028 0.4990 0.3327 0.7948 0.2631 0.0240 0.0190 0.3661 0.4012
0.0165 0.0011 0.0005 0.0005 0.0003 0.0005 0.0014 0.0006 0.0057 0.0004 0.0003 0.0004 0.0004 0.0006 0.0003 0.0003 0.0005 0.0003 0.0008 0.0964 0.0810 0.0243 0.0189 0.2434 0.2520 0.8333 0.1189 0.4948 0.3424 0.2031 0.5949 0.2796 0.7547 0.3376 0.0142 0.0244 0.2626 0.2655
0.0554 0.0008 0.0014 0.0003 0.0005 0.0004 0.0014 0.0005 0.0049 0.0004 0.0006 0.0003 0.0003 0.0008 0.0004 0.0005 0.0003 0.0004 0.0006 0.0261 0.1192 0.0190 0.0167 0.2538 0.2664 0.8776 0.0914 0.6138 0.3191 0.2846 0.6944 0.1657 0.8805 0.3333 0.0244 0.0153 0.2008 0.2282
0.0503 0.0009 0.0006 0.0003 0.0003 0.0004 0.0014 0.0007 0.0048 0.0004 0.0004 0.0004 0.0006 0.0008 0.0004 0.0003 0.0003 0.0004 0.0008 0.1368 0.0812 0.0673 0.0332 0.5185 0.5532 0.6258 0.3453 0.3847 0.5907 0.2203 0.3977 0.4759 0.5984 0.2502 0.0484 0.0423 0.4421 0.5385
0.0140 0.0008 0.0011 0.0005 0.0004 0.0006 0.0015 0.0006 0.0068 0.0004 0.0004 0.0006 0.0004 0.0008 0.0004 0.0003 0.0006 0.0007 0.0004 0.0143 0.0858 0.0263 0.0321 0.2474 0.2211 0.8577 0.0330 0.5588 0.3818 0.3297 0.5976 0.1837 0.7742 0.3652 0.0279 0.0470 0.1875 0.2602
0.0603 0.0007 0.0008 0.0004 0.0003 0.0003 0.0016 0.0003 0.0042 0.0002 0.0003 0.0005 0.0002 0.0006 0.0005 0.0003 0.0003 0.0004 0.0004 0.0583 0.0682 0.0160 0.0257 0.3225 0.3051 0.7866 0.1493 0.5203 0.4151 0.1750 0.5845 0.2712 0.7584 0.2492 0.0189 0.0275 0.3038 0.3302
0.0486 0.0007 0.0014 0.0004 0.0004 0.0004 0.0022 0.0004 0.0083 0.0002 0.0005 0.0004 0.0005 0.0004 0.0004 0.0004 0.0003 0.0004 0.0006 0.0771 0.0668 0.0385 0.0278 0.3866 0.3949 0.7996 0.1996 0.3985 0.4930 0.2454 0.4762 0.3608 0.6989 0.2835 0.0261 0.0234 0.3090 0.3826
0.0286 0.0006 0.0009 0.0004 0.0003 0.0003 0.0023 0.0005 0.0059 0.0003 0.0003 0.0004 0.0005 0.0006 0.0005 0.0004 0.0004 0.0004 0.0006 0.0433 0.0716 0.0368 0.0302 0.2223 0.2110 0.8832 0.1051 0.4045 0.3290 0.2344 0.5582 0.1750 0.8104 0.3317 0.0389 0.0469 0.1906 0.2130
0.0284 0.0004 0.0010 0.0004 0.0003 0.0004 0.0018 0.0005 0.0098 0.0003 0.0003 0.0004 0.0005 0.0009 0.0004 0.0002 0.0003 0.0004 0.0005 0.0063 0.0859 0.0227 0.0328 0.2031 0.1999 0.9808 0.0092 0.4093 0.3529 0.2739 0.5442 0.1944 0.9020 0.3352 0.0330 0.0239 0.1855 0.2131
0.0547 0.0010 0.0010 0.0004 0.0003 0.0004 0.0019 0.0007 0.0047 0.0003 0.0003 0.0006 0.0004 0.0010 0.0004 0.0003 0.0004 0.0006 0.0007 0.0031 0.1503 0.0337 0.0252 0.1704 0.1342 0.9691 0.0076 0.5876 0.2562 0.2956 0.7233 0.1295 0.9646 0.2644 0.0182 0.0350 0.1447 0.1329
0.0153 0.0005 0.0007 0.0005 0.0005 0.0004 0.0017 0.0003 0.0048 0.0002 0.0005 0.0004 0.0003 0.0004 0.0005 0.0003 0.0004 0.0002 0.0004 0.0041 0.0863 0.0369 0.0289 0.0515 0.0563 0.9484 0.0160 0.6014 0.2053 0.3483 0.8364 0.0771 0.9588 0.2607 0.0217 0.0386 0.0858 0.0485
0.0687 0.0008 0.0005 0.0004 0.0004 0.0004 0.0012 0.0006 0.0035 0.0005 0.0006 0.0005 0.0007 0.0005 0.0004 0.0007 0.0004 0.0005 0.0005 0.0920 0.0576 0.0506 0.0329 0.3655 0.4372 0.7503 0.1635 0.2799 0.5104 0.1778 0.3979 0.3244 0.7312 0.1837 0.0335 0.0455 0.3812 0.3533
0.0263 0.0005 0.0008 0.0005 0.0003 0.0004 0.0012 0.0005 0.0067 0.0003 0.0003 0.0005 0.0004 0.0006 0.0004 0.0003 0.0004 0.0003 0.0006 0.0183 0.0855 0.0326 0.0251 0.1321 0.1153 0.8940 0.0387 0.4403 0.2497 0.3317 0.6909 0.1456 0.9143 0.3256 0.0204 0.0236 0.1144 0.1211
0.0215 0.0006 0.0005 0.0002 0.0002 0.0004 0.0014 0.0010 0.0055 0.0003 0.0002 0.0002 0.0002 0.0005 0.0002 0.0003 0.0002 0.0005 0.0004 0.0152 0.0773 0.0169 0.0266 0.2583 0.2681 0.8748 0.0209 0.5854 0.2875 0.3706 0.6730 0.2232 0.8919 0.3617 0.0240 0.0375 0.2531 0.2306
0.0485 0.0013 0.0013 0.0004 0.0005 0.0004 0.0011 0.0005 0.0079 0.0003 0.0003 0.0002 0.0004 0.0006 0.0005 0.0003 0.0003 0.0003 0.0009 0.0663 0.1635 0.0339 0.0379 0.2476 0.2436 0.8557 0.0979 0.6221 0.3375 0.3592 0.6885 0.1766 0.8426 0.2663 0.0264 0.0398 0.1889 0.2698
0.0695 0.0004 0.0008 0.0005 0.0002 0.0003 0.0020 0.0004 0.0056 0.0003 0.0003 0.0003 0.0003 0.0005 0.0003 0.0004 0.0004 0.0003 0.0005 0.0272 0.1092 0.0217 0.0254 0.3527 0.3772 0.8848 0.0889 0.4360 0.4733 0.2981 0.5018 0.2854 0.8746 0.2429 0.0369 0.0212 0.3972 0.4016
0.0474 0.0010 0.0012 0.0004 0.0005 0.0003 0.0016 0.0011 0.0083 0.0005 0.0006 0.0005 0.0003 0.0012 0.0004 0.0004 0.0003 0.0005 0.0006 0.0626 0.0196 0.0320 0.0366 0.4135 0.4404 0.8168 0.1421 0.1343 0.6152 0.1347 0.2567 0.2936 0.5845 0.1096 0.0567 0.0272 0.3058 0.4384
0.0220 0.0007 0.0006 0.0003 0.0003 0.0004 0.0010 0.0005 0.0064 0.0003 0.0003 0.0003 0.0004 0.0007 0.0006 0.0004 0.0003 0.0002 0.0007 0.0991 0.0868 0.0246 0.0216 0.3023 0.2801 0.6207 0.2055 0.4886 0.4365 0.2851 0.5034 0.3253 0.6480 0.3016 0.0215 0.0495 0.2390 0.3180
0.0379 0.0005 0.0008 0.0003 0.0003 0.0005 0.0013 0.0009 0.0078 0.0004 0.0003 0.0003 0.0003 0.0008 0.0003 0.0004 0.0004 0.0003 0.0004 0.0339 0.0675 0.0359 0.0345 0.2483 0.2475 0.9295 0.0601 0.4407 0.4540 0.2328 0.4786 0.2506 0.8610 0.3283 0.0296 0.0320 0.2998 0.2857
0.0125 0.0005 0.0009 0.0005 0.0003 0.0003 0.0027 0.0004 0.0072 0.0005 0.0003 0.0002 0.0006 0.0005 0.0006 0.0004 0.0004 0.0003 0.0004 0.0121 0.1546 0.0292 0.0417 0.1424 0.1699 0.8879 0.0904 0.5191 0.3615 0.2990 0.5818 0.1560 0.8344 0.3097 0.0574 0.0444 0.1660 0.1249
0.0274 0.0005 0.0007 0.0003 0.0005 0.0005 0.0016 0.0007 0.0056 0.0004 0.0006 0.0003 0.0003 0.0009 0.0004 0.0004 0.0004 0.0003 0.0006 0.1035 0.0744 0.0320 0.0309 0.3481 0.3466 0.7941 0.1978 0.4080 0.4756 0.2660 0.4772 0.2930 0.6815 0.1726 0.0443 0.0322 0.3037 0.3449
0.0274 0.0010 0.0010 0.0006 0.0005 0.0004 0.0016 0.0009 0.0072 0.0003 0.0004 0.0003 0.0003 0.0007 0.0005 0.0003 0.0004 0.0004 0.0007 0.0108 0.0536 0.0366 0.0295 0.2003 0.2099 0.8722 0.0640 0.4592 0.4539 0.1930 0.5274 0.1894 0.8156 0.2531 0.0303 0.0292 0.1761 0.2068
0.0254 0.0006 0.0008 0.0002 0.0003 0.0004 0.0014 0.0005 0.0057 0.0003 0.0003 0.0004 0.0002 0.0006 0.0003 0.0003 0.0004 0.0004 0.0006 0.0255 0.0777 0.0350 0.0204 0.1824 0.1827 0.8374 0.1108 0.5403 0.3155 0.3272 0.6951 0.2118 0.8518 0.3446 0.0196 0.0269 0.1472 0.1661
0.0423 0.0009 0.0008 0.0004 0.0005 0.0005 0.0027 0.0005 0.0057 0.0002 0.0003 0.0005 0.0004 0.0005 0.0004 0.0004 0.0005 0.0005 0.0005 0.0682 0.0662 0.0371 0.0470 0.3813 0.3616 0.6325 0.2134 0.2962 0.5582 0.2189 0.3838 0.2980 0.7364 0.2209 0.0352 0.0467 0.3256 0.3825
0.0265 0.0007 0.0010 0.0006 0.0003 0.0003 0.0012 0.0007 0.0055 0.0003 0.0004 0.0004 0.0003 0.0008 0.0003 0.0004 0.0003 0.0003 0.0004 0.0185 0.1845 0.0298 0.0439 0.1044 0.1017 0.8892 0.0243 0.7607 0.2085 0.4753 0.8012 0.0959 0.9484 0.4722 0.0262 0.0276 0.1024 0.1004
0.0375 0.0006 0.0008 0.0004 0.0006 0.0004 0.0020 0.0006 0.0067 0.0003 0.0003 0.0004 0.0006 0.0007 0.0005 0.0005 0.0004 0.0004 0.0005 0.0268 0.1160 0.0286 0.0299 0.2622 0.2755 0.8925 0.0628 0.5000 0.4122 0.2327 0.5420 0.2258 0.8766 0.2768 0.0268 0.0253 0.2332 0.2567
0.0421 0.0009 0.0006 0.0006 0.0003 0.0004 0.0010 0.0007 0.0066 0.0003 0.0005 0.0002 0.0004 0.0005 0.0005 0.0004 0.0004 0.0003 0.0004 0.1024 0.1004 0.0241 0.0272 0.2027 0.1993 0.8900 0.1158 0.5438 0.2448 0.3075 0.7467 0.1535 0.8227 0.3769 0.0179 0.0234 0.1926 0.1997
0.0187 0.0012 0.0005 0.0004 0.0002 0.0004 0.0015 0.0006 0.0042 0.0003 0.0007 0.0003 0.0004 0.0006 0.0004 0.0003 0.0003 0.0006 0.0006 0.0071 0.1134 0.0195 0.0250 0.1030 0.1029 0.9091 0.0076 0.5202 0.2389 0.2352 0.7239 0.1102 0.8598 0.3293 0.0275 0.0442 0.1084 0.1040
0.0375 0.0008 0.0007 0.0003 0.0002 0.0003 0.0010 0.0005 0.0050 0.0002 0.0003 0.0004 0.0003 0.0005 0.0002 0.0004 0.0004 0.0003 0.0005 0.0851 0.1105 0.0234 0.0326 0.2083 0.1993 0.8476 0.1001 0.4920 0.3111 0.2830 0.6255 0.2127 0.7874 0.2543 0.0214 0.0322 0.1817 0.1910
0.0225 0.0006 0.0007 0.0006 0.0003 0.0006 0.0026 0.0009 0.0065 0.0003 0.0005 0.0005 0.0008 0.0006 0.0005 0.0005 0.0005 0.0006 0.0006 0.0791 0.0821 0.0486 0.0571 0.1200 0.0913 0.7932 0.1201 0.4339 0.3653 0.2477 0.6014 0.1763 0.8287 0.2850 0.0365 0.0446 0.1073 0.0841
0.0514 0.0006 0.0008 0.0004 0.0003 0.0004 0.0015 0.0006 0.0080 0.0005 0.0003 0.0003 0.0004 0.0004 0.0004 0.0003 0.0005 0.0003 0.0004 0.0735 0.0623 0.0200 0.0216 0.3818 0.3847 0.8186 0.1269 0.3831 0.4180 0.2339 0.5552 0.3135 0.7902 0.2378 0.0135 0.0277 0.3464 0.3897
0.0125 0.0007 0.0006 0.0006 0.0003 0.0004 0.0017 0.0005 0.0056 0.0005 0.0007 0.0003 0.0005 0.0008 0.0004 0.0005 0.0005 0.0003 0.0003 0.0141 0.0847 0.0508 0.0262 0.1047 0.1094 0.8432 0.0533 0.5660 0.2983 0.2792 0.6408 0.1557 0.8865 0.3141 0.0270 0.0388 0.0847 0.1072
0.0419 0.0007 0.0006 0.0003 0.0004 0.0004 0.0017 0.0006 0.0047 0.0002 0.0005 0.0003 0.0006 0.0005 0.0003 0.0003 0.0003 0.0003 0.0006 0.0184 0.1222 0.0253 0.0404 0.2529 0.2437 0.8856 0.0294 0.5212 0.3051 0.2967 0.6795 0.2718 0.8898 0.3285 0.0208 0.0271 0.2171 0.2204
0.0189 0.0006 0.0005 0.0006 0.0004 0.0004 0.0013 0.0005 0.0082 0.0002 0.0007 0.0003 0.0004 0.0006 0.0003 0.0004 0.0004 0.0003 0.0004 0.0174 0.1031 0.0215 0.0219 0.1091 0.1243 0.8544 0.0506 0.6054 0.3155 0.3235 0.6816 0.1833 0.8862 0.3547 0.0183 0.0218 0.1072 0.1300
0.0301 0.0010 0.0008 0.0005 0.0005 0.0005 0.0031 0.0008 0.0063 0.0005 0.0005 0.0003 0.0006 0.0005 0.0005 0.0006 0.0005 0.0005 0.0007 0.0924 0.1284 0.0497 0.0365 0.2614 0.2633 0.8813 0.1050 0.4952 0.3773 0.2810 0.5982 0.2094 0.8496 0.3076 0.0337 0.0398 0.1902 0.2441
0.0151 0.0005 0.0005 0.0003 0.0003 0.0003 0.0012 0.0005 0.0049 0.0002 0.0005 0.0002 0.0003 0.0011 0.0003 0.0003 0.0004 0.0003 0.0005 0.0930 0.1194 0.0225 0.0253 0.0953 0.0896 0.7338 0.1489 0.5835 0.2846 0.3670 0.7000 0.1602 0.8052 0.2767 0.0261 0.0173 0.1014 0.0984
0.0414 0.0009 0.0009 0.0005 0.0004 0.0005 0.0019 0.0005 0.0070 0.0003 0.0005 0.0004 0.0005 0.0009 0.0005 0.0005 0.0008 0.0003 0.0006 0.1008 0.0697 0.0508 0.0198 0.2774 0.2706 0.8664 0.1168 0.4593 0.3859 0.2392 0.5790 0.2227 0.7801 0.3492 0.0243 0.0381 0.2022 0.2097
0.0311 0.0016 0.0010 0.0007 0.0005 0.0005 0.0018 0.0006 0.0075 0.0004 0.0004 0.0004 0.0004 0.0007 0.0003 0.0004 0.0005 0.0006 0.0006 0.0047 0.1388 0.0323 0.0221 0.0982 0.1004 0.9764 0.0090 0.6850 0.1586 0.4321 0.7539 0.1095 0.9453 0.4261 0.0201 0.0359 0.1121 0.1096
0.0249 0.0007 0.0007 0.0004 0.0004 0.0006 0.0014 0.0005 0.0060 0.0005 0.0004 0.0004 0.0004 0.0007 0.0004 0.0003 0.0005 0.0003 0.0004 0.0916 0.0915 0.0268 0.0143 0.2296 0.1985 0.8759 0.1071 0.4316 0.3096 0.2502 0.6589 0.1923 0.8054 0.2536 0.0383 0.0410 0.2245 0.2185
0.0139 0.0008 0.0009 0.0004 0.0004 0.0004 0.0023 0.0007 0.0060 0.0006 0.0005 0.0002 0.0004 0.0008 0.0005 0.0005 0.0003 0.0004 0.0009 0.0035 0.1007 0.0314 0.0262 0.1014 0.0952 0.9403 0.0092 0.6374 0.2216 0.2847 0.7327 0.1077 0.9332 0.2983 0.0268 0.0297 0.1101 0.0990
0.0418 0.0007 0.0008 0.0003 0.0004 0.0004 0.0013 0.0007 0.0055 0.0004 0.0005 0.0007 0.0004 0.0004 0.0003 0.0004 0.0003 0.0003 0.0005 0.1244 0.0516 0.0464 0.0237 0.4964 0.5228 0.7496 0.2277 0.2521 0.5777 0.1446 0.3606 0.2929 0.7433 0.1958 0.0335 0.0303 0.4344 0.4393
0.0822 0.0008 0.0006 0.0004 0.0005 0.0004 0.0017 0.0008 0.0060 0.0004 0.0005 0.0003 0.0004 0.0008 0.0005 0.0006 0.0003 0.0005 0.0005 0.0344 0.0764 0.0226 0.0317 0.3530 0.3363 0.8995 0.0589 0.2976 0.4544 0.1252 0.4377 0.2701 0.7938 0.2634 0.0405 0.0367 0.3339 0.3563
0.0461 0.0006 0.0007 0.0004 0.0003 0.0004 0.0017 0.0007 0.0054 0.0003 0.0005 0.0003 0.0003 0.0006 0.0004 0.0004 0.0005 0.0005 0.0007 0.0132 0.1083 0.0315 0.0202 0.2061 0.2028 0.9440 0.0336 0.4574 0.3271 0.3402 0.6380 0.1503 0.8876 0.3060 0.0128 0.0270 0.2158 0.1915
0.0595 0.0004 0.0008 0.0003 0.0005 0.0004 0.0017 0.0006 0.0068 0.0005 0.0006 0.0003 0.0003 0.0005 0.0002 0.0004 0.0003 0.0004 0.0004 0.1201 0.0801 0.0206 0.0317 0.3246 0.3180 0.8023 0.1629 0.3351 0.4306 0.1568 0.4451 0.3470 0.7655 0.2413 0.0218 0.0224 0.2891 0.3369
0.0640 0.0006 0.0010 0.0004 0.0003 0.0004 0.0010 0.0004 0.0058 0.0003 0.0005 0.0005 0.0004 0.0007 0.0003 0.0006 0.0003 0.0005 0.0006 0.1339 0.0715 0.0333 0.0435 0.3092 0.3001 0.7325 0.1803 0.2901 0.4949 0.1602 0.4760 0.3027 0.7649 0.2001 0.0419 0.0295 0.2559 0.2995
0.0130 0.0008 0.0006 0.0007 0.0005 0.0004 0.0025 0.0007 0.0050 0.0003 0.0005 0.0007 0.0005 0.0007 0.0003 0.0004 0.0006 0.0005 0.0005 0.0162 0.1092 0.0305 0.0329 0.1045 0.0944 0.8842 0.0434 0.5672 0.2837 0.2847 0.7238 0.1095 0.8635 0.3248 0.0194 0.0437 0.0978 0.0999
0.0383 0.0012 0.0009 0.0005 0.0007 0.0005 0.0016 0.0010 0.0083 0.0004 0.0006 0.0004 0.0004 0.0006 0.0003 0.0005 0.0003 0.0005 0.0006 0.0957 0.0427 0.0334 0.0266 0.2338 0.2363 0.7284 0.1532 0.3319 0.5139 0.1203 0.4503 0.2843 0.7309 0.2382 0.0373 0.0335 0.2300 0.2675
0.0312 0.0004 0.0007 0.0004 0.0004 0.0004 0.0021 0.0008 0.0051 0.0005 0.0006 0.0003 0.0004 0.0008 0.0005 0.0004 0.0003 0.0002 0.0006 0.0445 0.1231 0.0441 0.0315 0.2080 0.1696 0.7743 0.0778 0.3889 0.4720 0.2690 0.4647 0.2435 0.7919 0.2580 0.0325 0.0340 0.2354 0.1913
0.0389 0.0007 0.0005 0.0004 0.0003 0.0006 0.0012 0.0007 0.0049 0.0005 0.0004 0.0003 0.0004 0.0009 0.0005 0.0003 0.0003 0.0007 0.0005 0.1101 0.0781 0.0499 0.0325 0.4146 0.4254 0.8159 0.1552 0.3594 0.5869 0.2410 0.4265 0.3721 0.8346 0.1495 0.0369 0.0244 0.3958 0.3992
0.0581 0.0009 0.0008 0.0004 0.0005 0.0004 0.0027 0.0006 0.0071 0.0004 0.0006 0.0004 0.0004 0.0006 0.0004 0.0006 0.0004 0.0005 0.0007 0.0754 0.1716 0.0355 0.0249 0.1972 0.1913 0.8147 0.1211 0.5334 0.3235 0.2814 0.6610 0.2083 0.7800 0.3325 0.0204 0.0395 0.1968 0.1999
0.0132 0.0006 0.0010 0.0004 0.0003 0.0004 0.0013 0.0005 0.0056 0.0004 0.0005 0.0005 0.0004 0.0008 0.0005 0.0003 0.0006 0.0004 0.0007 0.0090 0.1232 0.0381 0.0389 0.1005 0.1044 0.9015 0.0463 0.5267 0.2583 0.2442 0.7157 0.1321 0.9007 0.2889 0.0161 0.0251 0.1249 0.0998
0.0779 0.0007 0.0008 0.0004 0.0003 0.0004 0.0016 0.0008 0.0063 0.0004 0.0003 0.0003 0.0003 0.0007 0.0005 0.0003 0.0003 0.0003 0.0007 0.0096 0.0874 0.0456 0.0177 0.2188 0.2016 0.9603 0.0310 0.5609 0.2840 0.2618 0.6924 0.2007 0.8856 0.3878 0.0270 0.0179 0.2420 0.2036
0.0386 0.0009 0.0009 0.0003 0.0005 0.0004 0.0016 0.0004 0.0086 0.0004 0.0004 0.0003 0.0003 0.0005 0.0004 0.0005 0.0004 0.0004 0.0004 0.0957 0.1700 0.0404 0.0358 0.1961 0.1925 0.8670 0.1102 0.5447 0.2981 0.4202 0.6194 0.1748 0.8546 0.3075 0.0300 0.0274 0.1808 0.1984
0.0561 0.0007 0.0007 0.0005 0.0003 0.0003 0.0015 0.0005 0.0044 0.0005 0.0004 0.0004 0.0003 0.0005 0.0003 0.0004 0.0005 0.0004 0.0005 0.0205 0.0785 0.0390 0.0327 0.2947 0.3240 0.9067 0.0647 0.4858 0.4209 0.2488 0.5408 0.2735 0.8095 0.2704 0.0269 0.0326 0.2956 0.3293
0.0188 0.0006 0.0008 0.0007 0.0004 0.0005 0.0015 0.0003 0.0063 0.0004 0.0004 0.0003 0.0005 0.0007 0.0002 0.0005 0.0004 0.0005 0.0005 0.1012 0.0882 0.0343 0.0283 0.1647 0.1458 0.7802 0.1812 0.3923 0.3114 0.1819 0.6359 0.1908 0.7504 0.3020 0.0266 0.0390 0.1589 0.1379
0.0508 0.0006 0.0007 0.0004 0.0005 0.0005 0.0023 0.0011 0.0079 0.0006 0.0003 0.0004 0.0003 0.0008 0.0004 0.0004 0.0003 0.0002 0.0007 0.1374 0.0769 0.0420 0.0450 0.4053 0.4227 0.6961 0.2538 0.2638 0.5948 0.1098 0.3742 0.4411 0.6792 0.1802 0.0430 0.0513 0.3896 0.3979
0.0269 0.0004 0.0005 0.0004 0.0002 0.0003 0.0018 0.0005 0.0073 0.0003 0.0003 0.0003 0.0006 0.0007 0.0004 0.0003 0.0004 0.0003 0.0005 0.0140 0.0624 0.0386 0.0287 0.1158 0.1277 0.8753 0.0729 0.3412 0.4476 0.2357 0.5602 0.1601 0.9007 0.1531 0.0475 0.0209 0.1246 0.1525
0.0331 0.0005 0.0007 0.0005 0.0004 0.0003 0.0017 0.0008 0.0052 0.0005 0.0006 0.0005 0.0005 0.0009 0.0006 0.0007 0.0003 0.0006 0.0007 0.1133 0.0969 0.0380 0.0269 0.3862 0.3989 0.8364 0.1569 0.4157 0.4617 0.1884 0.4656 0.3119 0.7603 0.2335 0.0350 0.0220 0.3864 0.3917
0.0350 0.0007 0.0009 0.0005 0.0004 0.0004 0.0016 0.0009 0.0044 0.0004 0.0004 0.0004 0.0005 0.0006 0.0003 0.0004 0.0002 0.0006 0.0006 0.0322 0.1435 0.0360 0.0383 0.2067 0.2114 0.8646 0.0991 0.4059 0.3816 0.2025 0.5710 0.2592 0.8407 0.2684 0.0288 0.0343 0.1446 0.2078
0.0085 0.0008 0.0006 0.0005 0.0006 0.0004 0.0018 0.0007 0.0041 0.0005 0.0009 0.0003 0.0005 0.0009 0.0003 0.0006 0.0005 0.0004 0.0009 0.0409 0.1084 0.0240 0.0406 0.0865 0.0872 0.8986 0.0698 0.6887 0.1577 0.3591 0.8352 0.1144 0.8763 0.2847 0.0253 0.0345 0.1063 0.0630
0.0252 0.0007 0.0007 0.0004 0.0005 0.0003 0.0025 0.0005 0.0060 0.0006 0.0003 0.0004 0.0004 0.0007 0.0006 0.0004 0.0004 0.0004 0.0006 0.0119 0.1275 0.0295 0.0363 0.2796 0.3446 0.9448 0.0303 0.4647 0.3526 0.2748 0.5564 0.2138 0.8948 0.3289 0.0265 0.0262 0.2588 0.3177
0.0279 0.0006 0.0007 0.0004 0.0003 0.0004 0.0012 0.0005 0.0082 0.0003 0.0004 0.0003 0.0005 0.0004 0.0003 0.0002 0.0004 0.0006 0.0005 0.0598 0.0984 0.0259 0.0346 0.2624 0.2852 0.7884 0.1327 0.4959 0.3561 0.3198 0.6768 0.1950 0.8249 0.2676 0.0299 0.0361 0.2657 0.2786
