0.5740 0.3738 0.3895 0.4169 0.2086 0.4939 0.3378 0.5216 0.6715 0.3784
0.4925 0.3190 0.3159 0.3336 0.1550 0.5002 0.3174 0.4996 0.6240 0.3053
0.4759 0.3591 0.3154 0.3420 0.1613 0.4872 0.3095 0.5339 0.5505 0.3385
0.5790 0.3325 0.3512 0.3265 0.1854 0.3615 0.4161 0.6031 0.5849 0.3100
0.5771 0.2832 0.3519 0.4042 0.1620 0.4803 0.4121 0.6578 0.5318 0.3690
0.4836 0.3184 0.3348 0.3558 0.1408 0.5066 0.2918 0.6501 0.6018 0.3149
0.5131 0.3072 0.3822 0.3112 0.1716 0.3681 0.3404 0.5128 0.6051 0.3072
0.6129 0.2835 0.3487 0.3703 0.1928 0.3809 0.4507 0.4881 0.6152 0.3625
0.5770 0.3014 0.3384 0.3390 0.1583 0.5014 0.3426 0.5034 0.6484 0.3671
0.4868 0.3093 0.3402 0.4067 0.1545 0.3844 0.2990 0.6959 0.4938 0.3488
0.4958 0.3127 0.3479 0.3610 0.1409 0.5171 0.2936 0.6591 0.6143 0.3671
0.4957 0.3134 0.3943 0.3544 0.1407 0.4998 0.2969 0.6681 0.6122 0.3276
0.4894 0.3280 0.3344 0.3537 0.1825 0.4765 0.3221 0.6244 0.6017 0.3146
0.5096 0.3088 0.3387 0.4109 0.1578 0.5100 0.3738 0.6435 0.5985 0.3217
0.5564 0.3072 0.3456 0.3559 0.1441 0.4986 0.3139 0.6398 0.6156 0.3252
0.5909 0.3151 0.3424 0.3894 0.2194 0.3729 0.3700 0.4907 0.6285 0.3608
0.5909 0.2911 0.4079 0.4056 0.1611 0.4933 0.4056 0.6503 0.6194 0.3440
0.5026 0.3438 0.3143 0.2936 0.2523 0.3069 0.4657 0.4558 0.4886 0.2778
0.5745 0.3057 0.4071 0.4050 0.1575 0.3896 0.3181 0.6730 0.6031 0.3325
0.6142 0.2881 0.4249 0.3877 0.2219 0.3579 0.4585 0.6251 0.6033 0.3800
0.4941 0.2984 0.3276 0.4006 0.1583 0.4779 0.3857 0.6623 0.5005 0.3085
0.4667 0.3075 0.3239 0.3459 0.1410 0.4751 0.3021 0.6720 0.5006 0.3029
0.5167 0.3487 0.3749 0.3251 0.1812 0.4812 0.4061 0.4892 0.6314 0.3137
0.5073 0.3197 0.4046 0.4334 0.1402 0.5306 0.2827 0.6957 0.6324 0.3845
0.4836 0.3184 0.3348 0.3558 0.1408 0.5066 0.2918 0.6501 0.6018 0.3149
0.5161 0.3086 0.3878 0.3376 0.1554 0.5033 0.3247 0.5334 0.6454 0.3696
0.5192 0.2824 0.3476 0.3069 0.2240 0.3187 0.4640 0.6206 0.4659 0.3422
0.5309 0.2824 0.3788 0.2803 0.2455 0.2950 0.5021 0.4751 0.4857 0.2940
0.4886 0.3642 0.3941 0.3453 0.1617 0.3817 0.2896 0.6608 0.5942 0.3116
0.5033 0.3056 0.3725 0.3000 0.2218 0.3113 0.3872 0.5061 0.5003 0.2938
0.5649 0.3200 0.3408 0.3168 0.1858 0.3310 0.4299 0.6247 0.4830 0.2975
0.5667 0.3066 0.3261 0.3334 0.1581 0.4907 0.3410 0.4913 0.6356 0.3157
0.4801 0.3162 0.3811 0.4196 0.1400 0.4908 0.2893 0.7059 0.5246 0.3203
0.5395 0.3460 0.3893 0.3577 0.1494 0.4687 0.3078 0.6765 0.5416 0.3203
0.5189 0.2893 0.3461 0.3143 0.1757 0.3627 0.4160 0.6152 0.5573 0.3050
0.5625 0.2870 0.4074 0.3493 0.1438 0.4719 0.3311 0.6852 0.5430 0.3760
0.5767 0.2943 0.4117 0.3320 0.1587 0.3670 0.3371 0.6521 0.5955 0.3262
0.5140 0.3140 0.4106 0.4131 0.1539 0.4103 0.2948 0.6912 0.6050 0.3747
0.5775 0.2992 0.3320 0.3129 0.1745 0.3654 0.3597 0.4817 0.6079 0.3049
0.5742 0.2954 0.3333 0.3844 0.1733 0.3694 0.3522 0.5401 0.5315 0.3491
0.4770 0.3707 0.3348 0.3474 0.1619 0.3872 0.2845 0.6439 0.5840 0.2989
0.5647 0.3180 0.3233 0.4065 0.1572 0.5116 0.3218 0.5171 0.6413 0.3210
0.5790 0.3325 0.3512 0.3265 0.1854 0.3615 0.4161 0.6031 0.5849 0.3100
0.5877 0.3350 0.3396 0.3321 0.1834 0.4900 0.4263 0.4740 0.6464 0.3622
0.4987 0.3048 0.4000 0.4032 0.1544 0.3791 0.3047 0.7098 0.5065 0.3614
0.4919 0.3183 0.3395 0.4035 0.1986 0.3578 0.3307 0.6706 0.4917 0.3477
0.5891 0.3170 0.3952 0.4065 0.2015 0.4872 0.3603 0.5213 0.6619 0.3844
0.5282 0.3520 0.3301 0.3600 0.1494 0.4746 0.3025 0.6602 0.5307 0.3078
0.5260 0.3414 0.3820 0.3039 0.1999 0.3567 0.4265 0.4805 0.6027 0.3023
0.5809 0.2725 0.3229 0.3045 0.1778 0.4392 0.4692 0.4798 0.5236 0.3039
0.6002 0.2614 0.3407 0.2893 0.1953 0.3300 0.4899 0.4841 0.5059 0.3437
0.5984 0.3272 0.3921 0.3028 0.2029 0.3476 0.4536 0.4724 0.6137 0.3121
0.4966 0.3520 0.3349 0.3481 0.1649 0.4955 0.3710 0.6197 0.6018 0.3113
0.5131 0.3072 0.3822 0.3112 0.1716 0.3681 0.3404 0.5128 0.6051 0.3072
0.5767 0.2943 0.4117 0.3320 0.1587 0.3670 0.3371 0.6521 0.5955 0.3262
0.5730 0.3109 0.4046 0.3517 0.1853 0.4627 0.3512 0.6322 0.6250 0.3368
0.4843 0.3302 0.3328 0.4317 0.1399 0.5271 0.2753 0.6705 0.6098 0.3199
0.4906 0.3124 0.3403 0.3348 0.1559 0.3811 0.3064 0.6455 0.5717 0.3043
0.5418 0.2963 0.3388 0.3715 0.1901 0.3910 0.4235 0.4980 0.6036 0.3521
0.5516 0.2887 0.3407 0.3251 0.1592 0.3417 0.3437 0.6561 0.4829 0.3016
0.5609 0.2974 0.3509 0.4064 0.1576 0.3758 0.3223 0.6841 0.5100 0.3581
0.5056 0.2947 0.3405 0.4055 0.1586 0.4900 0.3861 0.6707 0.5157 0.3600
0.5763 0.3619 0.3866 0.3207 0.2313 0.3399 0.3733 0.4753 0.6270 0.3111
0.4958 0.3127 0.3479 0.3610 0.1409 0.5171 0.2936 0.6591 0.6143 0.3671
0.5631 0.2837 0.4017 0.3226 0.1589 0.3364 0.3495 0.6726 0.4949 0.3135
0.5631 0.2837 0.4017 0.3226 0.1589 0.3364 0.3495 0.6726 0.4949 0.3135
0.4795 0.3771 0.3118 0.3458 0.1610 0.5062 0.2967 0.4990 0.6352 0.2995
0.6014 0.2760 0.4209 0.3404 0.1620 0.4823 0.4264 0.6362 0.6236 0.3873
0.5536 0.3394 0.3340 0.4131 0.1666 0.4769 0.3852 0.6510 0.5287 0.3143
0.4795 0.3771 0.3118 0.3458 0.1610 0.5062 0.2967 0.4990 0.6352 0.2995
0.4924 0.3307 0.3139 0.4086 0.1541 0.5211 0.2993 0.5250 0.6307 0.3099
0.5798 0.3152 0.4067 0.4015 0.2013 0.3628 0.3499 0.6461 0.6030 0.3311
0.6119 0.2682 0.4280 0.3187 0.1776 0.3602 0.4477 0.6291 0.5945 0.3758
0.5696 0.2735 0.3410 0.3242 0.1629 0.4458 0.4370 0.6303 0.5034 0.3129
0.5920 0.2686 0.3825 0.3034 0.1781 0.4324 0.4753 0.5008 0.5347 0.3155
0.5813 0.2691 0.4006 0.3229 0.1627 0.4393 0.4422 0.6471 0.5154 0.3243
0.5421 0.2959 0.3353 0.3464 0.1440 0.4671 0.3257 0.6607 0.5173 0.3127
0.4742 0.3010 0.3293 0.3246 0.1562 0.3498 0.3183 0.6678 0.4666 0.2920
0.5692 0.3632 0.3881 0.4190 0.1646 0.5213 0.3100 0.5515 0.6707 0.3785
0.5527 0.3496 0.3949 0.3334 0.2122 0.3176 0.3571 0.6447 0.5066 0.3076
0.5623 0.3162 0.3453 0.3539 0.1855 0.4693 0.3450 0.6146 0.6157 0.3250
0.5515 0.3576 0.3450 0.3474 0.1650 0.3804 0.3072 0.6338 0.5985 0.3093
0.5268 0.2695 0.4075 0.3071 0.1757 0.3380 0.4346 0.6612 0.4799 0.3551
0.4991 0.3657 0.3303 0.3307 0.1776 0.3930 0.3121 0.5036 0.6209 0.3407
0.5951 0.3007 0.3618 0.4116 0.2038 0.4834 0.4322 0.6164 0.6237 0.3825
0.5964 0.2924 0.3339 0.3113 0.2244 0.4392 0.4843 0.4350 0.6187 0.3167
0.5621 0.3522 0.3580 0.3532 0.1643 0.3925 0.3079 0.6427 0.6119 0.3608
0.5184 0.2774 0.4006 0.3287 0.1594 0.4602 0.4137 0.6664 0.5145 0.3669
0.5639 0.2880 0.3224 0.3042 0.1749 0.3355 0.3737 0.5037 0.5059 0.2922
0.4879 0.3756 0.3906 0.4188 0.1605 0.4045 0.2735 0.6807 0.6014 0.3174
0.4859 0.2961 0.3424 0.3297 0.1557 0.3622 0.3187 0.6769 0.4815 0.3440
0.4800 0.3397 0.3243 0.3379 0.1653 0.4632 0.3833 0.6413 0.5012 0.2994
0.5368 0.3456 0.3350 0.3386 0.1652 0.3492 0.3187 0.6556 0.4967 0.2969
0.5059 0.3220 0.3220 0.3113 0.2205 0.3466 0.3661 0.4630 0.5939 0.2938
0.5639 0.2880 0.3224 0.3042 0.1749 0.3355 0.3737 0.5037 0.5059 0.2922
0.5767 0.2943 0.4117 0.3320 0.1587 0.3670 0.3371 0.6521 0.5955 0.3262
0.4754 0.3142 0.3269 0.4014 0.1548 0.3722 0.2986 0.6870 0.4786 0.2970
0.4754 0.3612 0.3606 0.3364 0.1615 0.4698 0.3125 0.5423 0.5479 0.3004
0.5413 0.2841 0.3402 0.2982 0.1916 0.3681 0.4475 0.4722 0.5937 0.3466
0.4683 0.3881 0.3013 0.4106 0.2057 0.4669 0.3170 0.5168 0.5454 0.2920
