0.9667 0.9669 0.9416 0.9513 0.9679 0.9534 0.9583 0.8126 0.9304 0.8840
0.9690 0.9685 0.9448 0.9537 0.9696 0.9554 0.9620 0.8304 0.9347 0.8876
0.9690 0.9685 0.9448 0.9537 0.9696 0.9554 0.9620 0.8304 0.9347 0.8876
0.9647 0.9643 0.9389 0.9441 0.9650 0.9495 0.9572 0.8224 0.9283 0.8774
0.9690 0.9685 0.9448 0.9537 0.9696 0.9554 0.9620 0.8304 0.9347 0.8876
0.9690 0.9685 0.9448 0.9537 0.9696 0.9554 0.9620 0.8304 0.9347 0.8876
0.9602 0.9585 0.9311 0.9410 0.9601 0.9408 0.9526 0.8163 0.9196 0.8612
0.9690 0.9685 0.9448 0.9537 0.9696 0.9554 0.9620 0.8304 0.9347 0.8876
0.9690 0.9685 0.9448 0.9537 0.9696 0.9554 0.9620 0.8304 0.9347 0.8876
0.9690 0.9685 0.9448 0.9537 0.9696 0.9554 0.9620 0.8304 0.9347 0.8876
0.9690 0.9685 0.9448 0.9537 0.9696 0.9554 0.9620 0.8304 0.9347 0.8876
0.9690 0.9685 0.9448 0.9537 0.9696 0.9554 0.9620 0.8304 0.9347 0.8876
0.9634 0.9647 0.9393 0.9479 0.9645 0.9495 0.9520 0.8161 0.9290 0.8804
0.9690 0.9685 0.9448 0.9537 0.9696 0.9554 0.9620 0.8304 0.9347 0.8876
0.9690 0.9685 0.9448 0.9537 0.9696 0.9554 0.9620 0.8304 0.9347 0.8876
0.9659 0.9646 0.9399 0.9493 0.9664 0.9516 0.9595 0.8251 0.9296 0.8753
0.9690 0.9685 0.9448 0.9537 0.9696 0.9554 0.9620 0.8304 0.9347 0.8876
0.9649 0.9642 0.9384 0.9476 0.9650 0.9475 0.9569 0.8238 0.9273 0.8785
0.9667 0.9669 0.9416 0.9513 0.9679 0.9534 0.9583 0.8126 0.9304 0.8840
0.9647 0.9643 0.9389 0.9441 0.9650 0.9495 0.9572 0.8224 0.9283 0.8774
0.9690 0.9685 0.9448 0.9537 0.9696 0.9554 0.9620 0.8304 0.9347 0.8876
0.9422 0.9468 0.9186 0.9205 0.9475 0.9309 0.9395 0.7931 0.9037 0.8355
0.9690 0.9685 0.9448 0.9537 0.9696 0.9554 0.9620 0.8304 0.9347 0.8876
0.9690 0.9685 0.9448 0.9537 0.9696 0.9554 0.9620 0.8304 0.9347 0.8876
0.9690 0.9685 0.9448 0.9537 0.9696 0.9554 0.9620 0.8304 0.9347 0.8876
0.9605 0.9632 0.9385 0.9474 0.9631 0.9495 0.9551 0.8191 0.9268 0.8766
0.9488 0.9428 0.9157 0.9210 0.9488 0.9305 0.9427 0.7971 0.9022 0.8320
0.9690 0.9685 0.9448 0.9537 0.9696 0.9554 0.9620 0.8304 0.9347 0.8876
0.9690 0.9685 0.9448 0.9537 0.9696 0.9554 0.9620 0.8304 0.9347 0.8876
0.9536 0.9533 0.9220 0.9269 0.9553 0.9362 0.9444 0.7781 0.9016 0.8557
0.9690 0.9685 0.9448 0.9537 0.9696 0.9554 0.9620 0.8304 0.9347 0.8876
0.9667 0.9669 0.9416 0.9513 0.9679 0.9534 0.9583 0.8126 0.9304 0.8840
0.9620 0.9609 0.9281 0.9449 0.9627 0.9469 0.9531 0.7993 0.9203 0.8723
0.9690 0.9685 0.9448 0.9537 0.9696 0.9554 0.9620 0.8304 0.9347 0.8876
0.9690 0.9685 0.9448 0.9537 0.9696 0.9554 0.9620 0.8304 0.9347 0.8876
0.9586 0.9599 0.9325 0.9428 0.9563 0.9455 0.9501 0.7987 0.9212 0.8699
0.9690 0.9685 0.9448 0.9537 0.9696 0.9554 0.9620 0.8304 0.9347 0.8876
0.9667 0.9669 0.9416 0.9513 0.9679 0.9534 0.9583 0.8126 0.9304 0.8840
0.9690 0.9685 0.9448 0.9537 0.9696 0.9554 0.9620 0.8304 0.9347 0.8876
0.9624 0.9628 0.9378 0.9467 0.9600 0.9487 0.9555 0.8228 0.9276 0.8764
0.9690 0.9685 0.9448 0.9537 0.9696 0.9554 0.9620 0.8304 0.9347 0.8876
0.9667 0.9669 0.9416 0.9513 0.9679 0.9534 0.9583 0.8126 0.9304 0.8840
0.9690 0.9685 0.9448 0.9537 0.9696 0.9554 0.9620 0.8304 0.9347 0.8876
0.9626 0.9621 0.9355 0.9458 0.9639 0.9488 0.9549 0.8040 0.9240 0.8689
0.9616 0.9617 0.9337 0.9438 0.9625 0.9440 0.9520 0.8020 0.9213 0.8730
0.9690 0.9685 0.9448 0.9537 0.9696 0.9554 0.9620 0.8304 0.9347 0.8876
0.9649 0.9642 0.9384 0.9476 0.9650 0.9475 0.9569 0.8238 0.9273 0.8785
0.9690 0.9685 0.9448 0.9537 0.9696 0.9554 0.9620 0.8304 0.9347 0.8876
0.9634 0.9647 0.9393 0.9479 0.9645 0.9495 0.9520 0.8161 0.9290 0.8804
0.9690 0.9685 0.9448 0.9537 0.9696 0.9554 0.9620 0.8304 0.9347 0.8876
0.9690 0.9685 0.9448 0.9537 0.9696 0.9554 0.9620 0.8304 0.9347 0.8876
0.9667 0.9669 0.9416 0.9513 0.9679 0.9534 0.9583 0.8126 0.9304 0.8840
0.9690 0.9685 0.9448 0.9537 0.9696 0.9554 0.9620 0.8304 0.9347 0.8876
0.9690 0.9685 0.9448 0.9537 0.9696 0.9554 0.9620 0.8304 0.9347 0.8876
0.9624 0.9628 0.9378 0.9467 0.9600 0.9487 0.9555 0.8228 0.9276 0.8764
0.9690 0.9685 0.9448 0.9537 0.9696 0.9554 0.9620 0.8304 0.9347 0.8876
0.9690 0.9685 0.9448 0.9537 0.9696 0.9554 0.9620 0.8304 0.9347 0.8876
0.9653 0.9641 0.9380 0.9492 0.9662 0.9504 0.9586 0.8204 0.9235 0.8793
0.9653 0.9641 0.9380 0.9492 0.9662 0.9504 0.9586 0.8204 0.9235 0.8793
0.9649 0.9642 0.9384 0.9476 0.9650 0.9475 0.9569 0.8238 0.9273 0.8785
0.9690 0.9685 0.9448 0.9537 0.9696 0.9554 0.9620 0.8304 0.9347 0.8876
0.9690 0.9685 0.9448 0.9537 0.9696 0.9554 0.9620 0.8304 0.9347 0.8876
0.9653 0.9641 0.9380 0.9492 0.9662 0.9504 0.9586 0.8204 0.9235 0.8793
0.9690 0.9685 0.9448 0.9537 0.9696 0.9554 0.9620 0.8304 0.9347 0.8876
0.9690 0.9685 0.9448 0.9537 0.9696 0.9554 0.9620 0.8304 0.9347 0.8876
0.9690 0.9685 0.9448 0.9537 0.9696 0.9554 0.9620 0.8304 0.9347 0.8876
0.9690 0.9685 0.9448 0.9537 0.9696 0.9554 0.9620 0.8304 0.9347 0.8876
0.9690 0.9685 0.9448 0.9537 0.9696 0.9554 0.9620 0.8304 0.9347 0.8876
0.9624 0.9628 0.9378 0.9467 0.9600 0.9487 0.9555 0.8228 0.9276 0.8764
0.9653 0.9641 0.9380 0.9492 0.9662 0.9504 0.9586 0.8204 0.9235 0.8793
0.9690 0.9685 0.9448 0.9537 0.9696 0.9554 0.9620 0.8304 0.9347 0.8876
0.9626 0.9621 0.9355 0.9458 0.9639 0.9488 0.9549 0.8040 0.9240 0.8689
0.9690 0.9685 0.9448 0.9537 0.9696 0.9554 0.9620 0.8304 0.9347 0.8876
0.9690 0.9685 0.9448 0.9537 0.9696 0.9554 0.9620 0.8304 0.9347 0.8876
0.9586 0.9599 0.9325 0.9428 0.9563 0.9455 0.9501 0.7987 0.9212 0.8699
0.9690 0.9685 0.9448 0.9537 0.9696 0.9554 0.9620 0.8304 0.9347 0.8876
0.9655 0.9636 0.9338 0.9486 0.9654 0.9500 0.9580 0.8214 0.9264 0.8778
0.9690 0.9685 0.9448 0.9537 0.9696 0.9554 0.9620 0.8304 0.9347 0.8876
0.9690 0.9685 0.9448 0.9537 0.9696 0.9554 0.9620 0.8304 0.9347 0.8876
0.9659 0.9646 0.9399 0.9493 0.9664 0.9516 0.9595 0.8251 0.9296 0.8753
0.9690 0.9685 0.9448 0.9537 0.9696 0.9554 0.9620 0.8304 0.9347 0.8876
0.9626 0.9621 0.9355 0.9458 0.9639 0.9488 0.9549 0.8040 0.9240 0.8689
0.9690 0.9685 0.9448 0.9537 0.9696 0.9554 0.9620 0.8304 0.9347 0.8876
0.9690 0.9685 0.9448 0.9537 0.9696 0.9554 0.9620 0.8304 0.9347 0.8876
0.9653 0.9641 0.9380 0.9492 0.9662 0.9504 0.9586 0.8204 0.9235 0.8793
0.9690 0.9685 0.9448 0.9537 0.9696 0.9554 0.9620 0.8304 0.9347 0.8876
0.9659 0.9646 0.9399 0.9493 0.9664 0.9516 0.9595 0.8251 0.9296 0.8753
0.9690 0.9685 0.9448 0.9537 0.9696 0.9554 0.9620 0.8304 0.9347 0.8876
0.9667 0.9669 0.9416 0.9513 0.9679 0.9534 0.9583 0.8126 0.9304 0.8840
0.9690 0.9685 0.9448 0.9537 0.9696 0.9554 0.9620 0.8304 0.9347 0.8876
0.9626 0.9621 0.9355 0.9458 0.9639 0.9488 0.9549 0.8040 0.9240 0.8689
0.9690 0.9685 0.9448 0.9537 0.9696 0.9554 0.9620 0.8304 0.9347 0.8876
0.9649 0.9642 0.9384 0.9476 0.9650 0.9475 0.9569 0.8238 0.9273 0.8785
0.9667 0.9669 0.9416 0.9513 0.9679 0.9534 0.9583 0.8126 0.9304 0.8840
0.9667 0.9669 0.9416 0.9513 0.9679 0.9534 0.9583 0.8126 0.9304 0.8840
0.9690 0.9685 0.9448 0.9537 0.9696 0.9554 0.9620 0.8304 0.9347 0.8876
0.9560 0.9602 0.9334 0.9435 0.9602 0.9463 0.9494 0.7956 0.9201 0.8701
0.9690 0.9685 0.9448 0.9537 0.9696 0.9554 0.9620 0.8304 0.9347 0.8876
0.9690 0.9685 0.9448 0.9537 0.9696 0.9554 0.9620 0.8304 0.9347 0.8876
0.9690 0.9685 0.9448 0.9537 0.9696 0.9554 0.9620 0.8304 0.9347 0.8876
0.9667 0.9669 0.9416 0.9513 0.9679 0.9534 0.9583 0.8126 0.9304 0.8840
0.9655 0.9636 0.9338 0.9486 0.9654 0.9500 0.9580 0.8214 0.9264 0.8778
0.9690 0.9685 0.9448 0.9537 0.9696 0.9554 0.9620 0.8304 0.9347 0.8876
0.9690 0.9685 0.9448 0.9537 0.9696 0.9554 0.9620 0.8304 0.9347 0.8876
0.9624 0.9628 0.9378 0.9467 0.9600 0.9487 0.9555 0.8228 0.9276 0.8764
0.9690 0.9685 0.9448 0.9537 0.9696 0.9554 0.9620 0.8304 0.9347 0.8876
0.9690 0.9685 0.9448 0.9537 0.9696 0.9554 0.9620 0.8304 0.9347 0.8876
0.9618 0.9615 0.9333 0.9454 0.9636 0.9474 0.9538 0.7985 0.9167 0.8738
0.9653 0.9641 0.9380 0.9492 0.9662 0.9504 0.9586 0.8204 0.9235 0.8793
0.9690 0.9685 0.9448 0.9537 0.9696 0.9554 0.9620 0.8304 0.9347 0.8876
0.9655 0.9636 0.9338 0.9486 0.9654 0.9500 0.9580 0.8214 0.9264 0.8778
0.9634 0.9647 0.9393 0.9479 0.9645 0.9495 0.9520 0.8161 0.9290 0.8804
0.9690 0.9685 0.9448 0.9537 0.9696 0.9554 0.9620 0.8304 0.9347 0.8876
0.9667 0.9669 0.9416 0.9513 0.9679 0.9534 0.9583 0.8126 0.9304 0.8840
0.9624 0.9628 0.9378 0.9467 0.9600 0.9487 0.9555 0.8228 0.9276 0.8764
0.9647 0.9643 0.9389 0.9441 0.9650 0.9495 0.9572 0.8224 0.9283 0.8774
0.9690 0.9685 0.9448 0.9537 0.9696 0.9554 0.9620 0.8304 0.9347 0.8876
0.9690 0.9685 0.9448 0.9537 0.9696 0.9554 0.9620 0.8304 0.9347 0.8876
0.9690 0.9685 0.9448 0.9537 0.9696 0.9554 0.9620 0.8304 0.9347 0.8876
0.9667 0.9669 0.9416 0.9513 0.9679 0.9534 0.9583 0.8126 0.9304 0.8840
0.9655 0.9636 0.9338 0.9486 0.9654 0.9500 0.9580 0.8214 0.9264 0.8778
0.9690 0.9685 0.9448 0.9537 0.9696 0.9554 0.9620 0.8304 0.9347 0.8876
0.9655 0.9636 0.9338 0.9486 0.9654 0.9500 0.9580 0.8214 0.9264 0.8778
0.9618 0.9615 0.9333 0.9454 0.9636 0.9474 0.9538 0.7985 0.9167 0.8738
0.9649 0.9642 0.9384 0.9476 0.9650 0.9475 0.9569 0.8238 0.9273 0.8785
0.9690 0.9685 0.9448 0.9537 0.9696 0.9554 0.9620 0.8304 0.9347 0.8876
0.9690 0.9685 0.9448 0.9537 0.9696 0.9554 0.9620 0.8304 0.9347 0.8876
0.9667 0.9669 0.9416 0.9513 0.9679 0.9534 0.9583 0.8126 0.9304 0.8840
0.9626 0.9621 0.9355 0.9458 0.9639 0.9488 0.9549 0.8040 0.9240 0.8689
0.9690 0.9685 0.9448 0.9537 0.9696 0.9554 0.9620 0.8304 0.9347 0.8876
0.9690 0.9685 0.9448 0.9537 0.9696 0.9554 0.9620 0.8304 0.9347 0.8876
0.9667 0.9669 0.9416 0.9513 0.9679 0.9534 0.9583 0.8126 0.9304 0.8840
0.9667 0.9669 0.9416 0.9513 0.9679 0.9534 0.9583 0.8126 0.9304 0.8840
0.9667 0.9669 0.9416 0.9513 0.9679 0.9534 0.9583 0.8126 0.9304 0.8840
0.9667 0.9669 0.9416 0.9513 0.9679 0.9534 0.9583 0.8126 0.9304 0.8840
0.9690 0.9685 0.9448 0.9537 0.9696 0.9554 0.9620 0.8304 0.9347 0.8876
0.9602 0.9585 0.9311 0.9410 0.9601 0.9408 0.9526 0.8163 0.9196 0.8612
0.9690 0.9685 0.9448 0.9537 0.9696 0.9554 0.9620 0.8304 0.9347 0.8876
0.9608 0.9578 0.9251 0.9424 0.9605 0.9442 0.9540 0.8137 0.9186 0.8607
0.9655 0.9636 0.9338 0.9486 0.9654 0.9500 0.9580 0.8214 0.9264 0.8778
0.9690 0.9685 0.9448 0.9537 0.9696 0.9554 0.9620 0.8304 0.9347 0.8876
0.9667 0.9669 0.9416 0.9513 0.9679 0.9534 0.9583 0.8126 0.9304 0.8840
0.9690 0.9685 0.9448 0.9537 0.9696 0.9554 0.9620 0.8304 0.9347 0.8876
0.9690 0.9685 0.9448 0.9537 0.9696 0.9554 0.9620 0.8304 0.9347 0.8876
0.9690 0.9685 0.9448 0.9537 0.9696 0.9554 0.9620 0.8304 0.9347 0.8876
0.9690 0.9685 0.9448 0.9537 0.9696 0.9554 0.9620 0.8304 0.9347 0.8876
0.9659 0.9646 0.9399 0.9493 0.9664 0.9516 0.9595 0.8251 0.9296 0.8753
0.9690 0.9685 0.9448 0.9537 0.9696 0.9554 0.9620 0.8304 0.9347 0.8876
0.9659 0.9646 0.9399 0.9493 0.9664 0.9516 0.9595 0.8251 0.9296 0.8753
0.9690 0.9685 0.9448 0.9537 0.9696 0.9554 0.9620 0.8304 0.9347 0.8876
0.9690 0.9685 0.9448 0.9537 0.9696 0.9554 0.9620 0.8304 0.9347 0.8876
0.9593 0.9577 0.9285 0.9404 0.9597 0.9388 0.9515 0.8107 0.9115 0.8662
0.9597 0.9622 0.9347 0.9439 0.9619 0.9465 0.9459 0.7927 0.9231 0.8748
0.9690 0.9685 0.9448 0.9537 0.9696 0.9554 0.9620 0.8304 0.9347 0.8876
0.9620 0.9609 0.9281 0.9449 0.9627 0.9469 0.9531 0.7993 0.9203 0.8723
0.9690 0.9685 0.9448 0.9537 0.9696 0.9554 0.9620 0.8304 0.9347 0.8876
0.9690 0.9685 0.9448 0.9537 0.9696 0.9554 0.9620 0.8304 0.9347 0.8876
0.9690 0.9685 0.9448 0.9537 0.9696 0.9554 0.9620 0.8304 0.9347 0.8876
0.9653 0.9641 0.9380 0.9492 0.9662 0.9504 0.9586 0.8204 0.9235 0.8793
0.9690 0.9685 0.9448 0.9537 0.9696 0.9554 0.9620 0.8304 0.9347 0.8876
0.9488 0.9415 0.9138 0.9306 0.9502 0.9324 0.9455 0.7964 0.8942 0.8338
0.9690 0.9685 0.9448 0.9537 0.9696 0.9554 0.9620 0.8304 0.9347 0.8876
0.9690 0.9685 0.9448 0.9537 0.9696 0.9554 0.9620 0.8304 0.9347 0.8876
0.9667 0.9669 0.9416 0.9513 0.9679 0.9534 0.9583 0.8126 0.9304 0.8840
0.9690 0.9685 0.9448 0.9537 0.9696 0.9554 0.9620 0.8304 0.9347 0.8876
0.9690 0.9685 0.9448 0.9537 0.9696 0.9554 0.9620 0.8304 0.9347 0.8876
0.9690 0.9685 0.9448 0.9537 0.9696 0.9554 0.9620 0.8304 0.9347 0.8876
0.9649 0.9642 0.9384 0.9476 0.9650 0.9475 0.9569 0.8238 0.9273 0.8785
0.9690 0.9685 0.9448 0.9537 0.9696 0.9554 0.9620 0.8304 0.9347 0.8876
0.9594 0.9571 0.9230 0.9349 0.9585 0.9414 0.9508 0.8094 0.9168 0.8636
0.9659 0.9646 0.9399 0.9493 0.9664 0.9516 0.9595 0.8251 0.9296 0.8753
0.9690 0.9685 0.9448 0.9537 0.9696 0.9554 0.9620 0.8304 0.9347 0.8876
0.9667 0.9669 0.9416 0.9513 0.9679 0.9534 0.9583 0.8126 0.9304 0.8840
0.9653 0.9641 0.9380 0.9492 0.9662 0.9504 0.9586 0.8204 0.9235 0.8793
0.9659 0.9646 0.9399 0.9493 0.9664 0.9516 0.9595 0.8251 0.9296 0.8753
0.9690 0.9685 0.9448 0.9537 0.9696 0.9554 0.9620 0.8304 0.9347 0.8876
0.9690 0.9685 0.9448 0.9537 0.9696 0.9554 0.9620 0.8304 0.9347 0.8876
0.9690 0.9685 0.9448 0.9537 0.9696 0.9554 0.9620 0.8304 0.9347 0.8876
0.9667 0.9669 0.9416 0.9513 0.9679 0.9534 0.9583 0.8126 0.9304 0.8840
0.9690 0.9685 0.9448 0.9537 0.9696 0.9554 0.9620 0.8304 0.9347 0.8876
0.9690 0.9685 0.9448 0.9537 0.9696 0.9554 0.9620 0.8304 0.9347 0.8876
0.9690 0.9685 0.9448 0.9537 0.9696 0.9554 0.9620 0.8304 0.9347 0.8876
0.9690 0.9685 0.9448 0.9537 0.9696 0.9554 0.9620 0.8304 0.9347 0.8876
0.9667 0.9669 0.9416 0.9513 0.9679 0.9534 0.9583 0.8126 0.9304 0.8840
0.9667 0.9669 0.9416 0.9513 0.9679 0.9534 0.9583 0.8126 0.9304 0.8840
0.9667 0.9669 0.9416 0.9513 0.9679 0.9534 0.9583 0.8126 0.9304 0.8840
0.9605 0.9632 0.9385 0.9474 0.9631 0.9495 0.9551 0.8191 0.9268 0.8766
0.9690 0.9685 0.9448 0.9537 0.9696 0.9554 0.9620 0.8304 0.9347 0.8876
0.9690 0.9685 0.9448 0.9537 0.9696 0.9554 0.9620 0.8304 0.9347 0.8876
0.9626 0.9621 0.9355 0.9458 0.9639 0.9488 0.9549 0.8040 0.9240 0.8689
0.9667 0.9669 0.9416 0.9513 0.9679 0.9534 0.9583 0.8126 0.9304 0.8840
0.9659 0.9646 0.9399 0.9493 0.9664 0.9516 0.9595 0.8251 0.9296 0.8753
0.9606 0.9584 0.9308 0.9430 0.9616 0.9448 0.9549 0.8125 0.9150 0.8623
0.9690 0.9685 0.9448 0.9537 0.9696 0.9554 0.9620 0.8304 0.9347 0.8876
0.9667 0.9669 0.9416 0.9513 0.9679 0.9534 0.9583 0.8126 0.9304 0.8840
0.9626 0.9621 0.9355 0.9458 0.9639 0.9488 0.9549 0.8040 0.9240 0.8689
0.9253 0.9281 0.9016 0.9179 0.9361 0.9232 0.9285 0.7535 0.8831 0.8076
0.9649 0.9642 0.9384 0.9476 0.9650 0.9475 0.9569 0.8238 0.9273 0.8785
0.9690 0.9685 0.9448 0.9537 0.9696 0.9554 0.9620 0.8304 0.9347 0.8876
0.9690 0.9685 0.9448 0.9537 0.9696 0.9554 0.9620 0.8304 0.9347 0.8876
