0.8304 0.7898 0.8355 0.7355 0.7079 0.6843 0.8542 0.7584 0.8608 0.7733
0.8561 0.8328 0.8552 0.8110 0.7580 0.6690 0.8868 0.7765 0.8903 0.7542
0.8661 0.8380 0.8671 0.8162 0.7643 0.6965 0.8941 0.7914 0.9022 0.7907
0.8326 0.7953 0.8271 0.7442 0.7157 0.6626 0.8596 0.7390 0.8692 0.7645
0.8561 0.8328 0.8552 0.8110 0.7580 0.6690 0.8868 0.7765 0.8903 0.7542
0.7737 0.7370 0.7840 0.6523 0.5949 0.6708 0.7945 0.6967 0.8318 0.7416
0.8165 0.7824 0.8082 0.7373 0.6975 0.6550 0.8420 0.7220 0.8469 0.7468
0.6402 0.5628 0.5858 0.4392 0.3870 0.5592 0.5404 0.5840 0.6361 0.5730
0.7888 0.7625 0.7986 0.6975 0.6847 0.6414 0.8285 0.7067 0.8398 0.7417
0.8530 0.8205 0.8448 0.7868 0.7136 0.6820 0.8711 0.7741 0.8896 0.7752
0.8603 0.8354 0.8623 0.8140 0.7578 0.6860 0.8900 0.7831 0.8956 0.7654
0.8096 0.7477 0.7959 0.6680 0.5919 0.6882 0.7903 0.7416 0.8505 0.7637
0.8476 0.8103 0.8436 0.7691 0.7326 0.6769 0.8718 0.7697 0.8832 0.7787
0.8347 0.7789 0.8324 0.7473 0.6954 0.6898 0.8441 0.7656 0.8741 0.7762
0.8520 0.8167 0.8505 0.7861 0.7266 0.6939 0.8696 0.7806 0.8899 0.7835
0.8639 0.8373 0.8618 0.8157 0.7662 0.6822 0.8928 0.7868 0.8991 0.7825
0.8511 0.8230 0.8564 0.7934 0.7477 0.6887 0.8807 0.7786 0.8834 0.7784
0.8430 0.8076 0.8447 0.7659 0.7212 0.6828 0.8679 0.7651 0.8789 0.7567
0.8517 0.8216 0.8407 0.7928 0.7420 0.6674 0.8767 0.7712 0.8881 0.7731
0.8639 0.8373 0.8618 0.8157 0.7662 0.6822 0.8928 0.7868 0.8991 0.7825
0.8639 0.8373 0.8618 0.8157 0.7662 0.6822 0.8928 0.7868 0.8991 0.7825
0.7558 0.7083 0.7628 0.6622 0.5998 0.6313 0.7807 0.6759 0.8146 0.7147
0.8661 0.8380 0.8671 0.8162 0.7643 0.6965 0.8941 0.7914 0.9022 0.7907
0.8336 0.7867 0.8394 0.7567 0.7197 0.6838 0.8588 0.7631 0.8657 0.7712
0.8490 0.8252 0.8513 0.7978 0.7425 0.6780 0.8814 0.7586 0.8860 0.7515
0.8278 0.7676 0.8213 0.7211 0.7005 0.6677 0.8457 0.7517 0.8643 0.7699
0.7933 0.7713 0.8055 0.7131 0.6885 0.6369 0.8312 0.7250 0.8407 0.7120
0.7349 0.6359 0.6877 0.5808 0.4912 0.6322 0.6816 0.6426 0.7785 0.6966
0.8566 0.8219 0.8519 0.7882 0.7133 0.6993 0.8734 0.7802 0.8940 0.7851
0.8603 0.8354 0.8623 0.8140 0.7578 0.6860 0.8900 0.7831 0.8956 0.7654
0.8603 0.8354 0.8623 0.8140 0.7578 0.6860 0.8900 0.7831 0.8956 0.7654
0.8530 0.8205 0.8448 0.7868 0.7136 0.6820 0.8711 0.7741 0.8896 0.7752
0.8661 0.8380 0.8671 0.8162 0.7643 0.6965 0.8941 0.7914 0.9022 0.7907
0.7445 0.7265 0.7578 0.6615 0.6008 0.6139 0.7750 0.6650 0.7867 0.6941
0.8577 0.8306 0.8589 0.8032 0.7530 0.6909 0.8881 0.7715 0.8956 0.7829
0.8251 0.7781 0.8248 0.7481 0.7179 0.6564 0.8508 0.7497 0.8534 0.7548
0.7800 0.7243 0.7561 0.6483 0.6071 0.6387 0.7673 0.7067 0.8191 0.7036
0.8510 0.8092 0.8480 0.7867 0.7439 0.6773 0.8763 0.7745 0.8874 0.7774
0.8661 0.8380 0.8671 0.8162 0.7643 0.6965 0.8941 0.7914 0.9022 0.7907
0.8566 0.8219 0.8519 0.7882 0.7133 0.6993 0.8734 0.7802 0.8940 0.7851
0.8561 0.8328 0.8552 0.8110 0.7580 0.6690 0.8868 0.7765 0.8903 0.7542
0.8420 0.7878 0.8367 0.7521 0.6817 0.6976 0.8520 0.7674 0.8807 0.7797
0.8550 0.8123 0.8562 0.7891 0.7427 0.6960 0.8792 0.7818 0.8925 0.7879
0.8465 0.8057 0.8483 0.7841 0.7328 0.6825 0.8721 0.7699 0.8829 0.7572
0.8530 0.8205 0.8448 0.7868 0.7136 0.6820 0.8711 0.7741 0.8896 0.7752
0.8561 0.8328 0.8552 0.8110 0.7580 0.6690 0.8868 0.7765 0.8903 0.7542
0.8375 0.7934 0.8276 0.7467 0.6561 0.6947 0.8364 0.7647 0.8767 0.7733
0.8048 0.7593 0.7808 0.6916 0.6753 0.6310 0.8241 0.7043 0.8415 0.7427
0.8428 0.7983 0.8437 0.7712 0.7277 0.6871 0.8696 0.7562 0.8823 0.7767
0.8196 0.7842 0.8182 0.7326 0.6602 0.6762 0.8369 0.7292 0.8523 0.7510
0.8452 0.8116 0.8403 0.7713 0.6936 0.6921 0.8638 0.7555 0.8851 0.7735
0.8414 0.8164 0.8475 0.7869 0.7371 0.6732 0.8726 0.7650 0.8713 0.7447
0.7960 0.7434 0.7720 0.6640 0.5858 0.6569 0.7898 0.7141 0.8366 0.7124
0.8566 0.8219 0.8519 0.7882 0.7133 0.6993 0.8734 0.7802 0.8940 0.7851
0.8197 0.7647 0.8173 0.7354 0.6775 0.6704 0.8273 0.7468 0.8576 0.7350
0.8415 0.8129 0.8348 0.7782 0.6960 0.6658 0.8608 0.7591 0.8776 0.7378
0.7880 0.7524 0.7911 0.6759 0.6223 0.6552 0.8063 0.7247 0.8404 0.7457
0.8567 0.8253 0.8499 0.7971 0.7418 0.6865 0.8806 0.7791 0.8942 0.7840
0.8490 0.8252 0.8513 0.7978 0.7425 0.6780 0.8814 0.7586 0.8860 0.7515
0.8661 0.8380 0.8671 0.8162 0.7643 0.6965 0.8941 0.7914 0.9022 0.7907
0.8661 0.8380 0.8671 0.8162 0.7643 0.6965 0.8941 0.7914 0.9022 0.7907
0.8094 0.7508 0.8008 0.7145 0.6817 0.6599 0.8263 0.7345 0.8398 0.7521
0.8639 0.8373 0.8618 0.8157 0.7662 0.6822 0.8928 0.7868 0.8991 0.7825
0.8530 0.8205 0.8448 0.7868 0.7136 0.6820 0.8711 0.7741 0.8896 0.7752
0.7779 0.7453 0.7905 0.6666 0.5982 0.6644 0.7969 0.7139 0.8317 0.7074
0.8147 0.7778 0.8212 0.7202 0.6913 0.6630 0.8401 0.7384 0.8414 0.7276
0.8009 0.7826 0.8218 0.7394 0.7060 0.6654 0.8452 0.7233 0.8436 0.7464
0.8382 0.7896 0.8316 0.7309 0.6650 0.6984 0.8458 0.7630 0.8766 0.7814
0.8477 0.8249 0.8578 0.7979 0.7498 0.6930 0.8826 0.7791 0.8909 0.7830
0.8468 0.8136 0.8415 0.7828 0.7270 0.6736 0.8650 0.7727 0.8837 0.7717
0.8550 0.8123 0.8562 0.7891 0.7427 0.6960 0.8792 0.7818 0.8925 0.7879
0.8354 0.7748 0.8351 0.7293 0.7010 0.6937 0.8524 0.7635 0.8736 0.7842
0.8044 0.7360 0.8082 0.6771 0.6688 0.6739 0.8203 0.7357 0.8332 0.7611
0.8566 0.8219 0.8519 0.7882 0.7133 0.6993 0.8734 0.7802 0.8940 0.7851
0.8566 0.8219 0.8519 0.7882 0.7133 0.6993 0.8734 0.7802 0.8940 0.7851
0.8550 0.8123 0.8562 0.7891 0.7427 0.6960 0.8792 0.7818 0.8925 0.7879
0.7727 0.6902 0.7532 0.6142 0.5748 0.6364 0.7692 0.6771 0.8121 0.7252
0.8354 0.7748 0.8351 0.7293 0.7010 0.6937 0.8524 0.7635 0.8736 0.7842
0.8538 0.8278 0.8512 0.8002 0.7536 0.6731 0.8851 0.7643 0.8903 0.7727
0.8324 0.8044 0.8383 0.7632 0.6893 0.6936 0.8565 0.7638 0.8791 0.7739
0.8530 0.8205 0.8448 0.7868 0.7136 0.6820 0.8711 0.7741 0.8896 0.7752
0.8490 0.8252 0.8513 0.7978 0.7425 0.6780 0.8814 0.7586 0.8860 0.7515
0.8452 0.8116 0.8403 0.7713 0.6936 0.6921 0.8638 0.7555 0.8851 0.7735
0.8465 0.8057 0.8483 0.7841 0.7328 0.6825 0.8721 0.7699 0.8829 0.7572
0.8567 0.8253 0.8499 0.7971 0.7418 0.6865 0.8806 0.7791 0.8942 0.7840
