0.0000 1.0000 0.9998 0.0000 0.0000 0.0000 1.0000 0.0000 0.0000 1.0000 0.0000 0.0000 0.0000 0.0000 0.0000 0.0000 0.0000 0.0000 0.0000 0.0000 0.0000 0.0000 0.0000 0.0000 0.0000 1.0000 0.0000 0.0000 0.9843 0.9843 0.0000 0.0000 0.0000 0.0000 0.0000 0.0000 0.0606 0.0606
0.0000 1.0000 0.9998 0.0000 0.0000 0.0000 1.0000 0.0000 0.0000 1.0000 0.0000 0.0000 0.0000 0.0000 0.0000 0.0000 0.0000 0.0000 0.0000 0.1000 0.1000 0.0000 0.0000 0.0000 0.0000 1.0000 0.0000 0.0000 0.3071 0.3071 0.0000 0.0000 0.0100 0.0000 0.3333 0.3333 0.0303 0.0303
0.0000 1.0000 0.9998 0.0000 0.0000 0.0000 1.0000 0.0000 0.0000 1.0000 0.0000 0.0000 0.0000 0.0000 0.0000 0.0000 0.0000 0.0000 0.0000 0.3000 0.3000 0.0000 0.0000 0.0000 0.0000 1.0000 0.0000 0.0000 0.2638 0.2638 0.0000 0.0000 0.0100 0.0000 0.0000 0.0000 0.0909 0.0909
0.0000 1.0000 0.9998 0.0000 0.0000 0.0000 1.0000 0.0000 0.0000 1.0000 0.0000 0.0000 0.0000 0.0000 0.0000 0.0000 0.0000 0.0000 0.0000 0.2000 0.2000 0.0000 0.0000 0.0000 0.0000 1.0000 0.0000 0.0000 0.8386 0.8386 0.0000 0.0000 0.0000 0.0000 0.0000 0.0000 0.0303 0.0303
0.0000 1.0000 0.9998 0.0000 0.0000 0.0000 1.0000 0.0000 0.0000 1.0000 0.0000 0.0000 0.0000 0.0000 0.0000 0.0000 0.0000 0.0000 0.0000 0.3000 0.3000 0.0000 0.0000 0.0000 0.0000 1.0000 0.0000 0.0000 0.0118 0.0118 0.0000 0.0000 0.2500 0.0000 0.0000 0.0000 0.0000 0.0000
0.0000 1.0000 0.9998 0.0000 0.0000 0.0000 1.0000 0.0000 0.0000 1.0000 0.0000 0.0000 0.0000 0.0000 0.0000 0.0000 0.0000 0.0000 0.0000 0.1000 0.1000 0.0000 0.0000 0.0000 0.0000 1.0000 0.0000 0.0000 0.4606 0.4606 0.0000 0.0000 0.0100 0.0000 0.0000 0.0000 0.0606 0.0606
0.0000 1.0000 0.9998 0.0000 0.0000 0.0000 1.0000 0.0000 0.0000 1.0000 0.0000 0.0000 0.0000 0.0000 0.0000 0.0000 0.0000 0.0000 0.0000 0.4000 0.4000 0.0000 0.0000 0.0000 0.0000 1.0000 0.0000 0.0000 0.6850 0.6850 0.0000 0.0000 0.0100 0.0000 0.0000 0.0000 0.1818 0.1818
0.0000 1.0000 0.9998 0.0000 0.0000 0.0000 1.0000 0.0000 0.0000 1.0000 0.0000 0.0000 0.0000 0.0000 0.0000 0.0000 0.0000 0.0000 0.0000 0.3000 0.3000 0.0000 0.0000 0.0000 0.0000 1.0000 0.0000 0.0000 0.3110 0.3110 0.0000 0.0000 0.0100 0.0000 0.0000 0.0000 0.1212 0.1212
0.0000 1.0000 0.9998 0.0000 0.0000 0.0000 1.0000 0.0000 0.0000 1.0000 0.0000 0.0000 0.0000 0.0000 0.0000 0.0000 0.0000 0.0000 0.0000 0.3000 0.5000 0.0000 0.0000 0.3333 0.6667 1.0000 0.0000 0.5000 0.7717 0.7717 0.0000 0.0000 0.0100 0.0000 0.0000 0.0000 0.1818 0.1818
0.0000 1.0000 0.9998 0.0000 0.0000 0.0000 1.0000 0.0000 0.0000 1.0000 0.0000 0.0000 0.0000 0.0000 0.0000 0.0000 0.0000 0.0000 0.0000 0.4000 0.4000 0.0000 0.0000 0.0000 0.0000 1.0000 0.0000 0.0000 0.9213 0.9213 0.0000 0.0000 0.0000 0.0000 0.0000 0.0000 0.1818 0.1818
0.0000 1.0000 0.9998 0.0000 0.0000 0.0000 1.0000 0.0000 0.0000 1.0000 0.0000 0.0000 0.0000 0.0000 0.0000 0.0000 0.0000 0.0000 0.0000 0.1000 0.1000 0.0000 0.0000 0.0000 0.0000 1.0000 0.0000 0.0000 0.7047 0.7047 0.0000 0.0000 0.0100 0.0000 0.0000 0.0000 0.0303 0.0303
0.0000 1.0000 0.9998 0.0000 0.0000 0.0000 1.0000 0.0000 0.0000 1.0000 0.0000 0.0000 0.0000 0.0000 0.0000 0.0000 0.0000 0.0000 0.0000 0.4000 0.4000 0.0000 0.0000 0.0000 0.0000 1.0000 0.0000 0.0000 0.0472 0.0472 0.0000 0.0000 0.0800 0.0000 0.0000 0.0000 0.2424 0.2424
0.0000 1.0000 0.9998 0.0000 0.0000 0.0000 1.0000 0.0000 0.0000 1.0000 0.0000 0.0000 0.0000 0.0000 0.0000 0.0000 0.0000 0.0000 0.0000 0.1000 0.1000 0.0000 0.0000 0.0000 0.0000 1.0000 0.0000 0.0000 0.9961 0.9961 0.0000 0.0000 0.0000 0.0000 0.0000 0.0000 0.0606 0.0606
0.0000 1.0000 0.9998 0.0000 0.0000 0.0000 1.0000 0.0000 0.0000 1.0000 0.0000 0.0000 0.0000 0.0000 0.0000 0.0000 0.0000 0.0000 0.0000 0.2000 0.2000 0.0000 0.0000 0.0000 0.0000 1.0000 0.0000 0.0000 0.0472 0.0472 0.0000 0.0000 0.0800 0.0000 0.0000 0.0000 0.0000 0.0000
0.0000 1.0000 0.9998 0.0000 0.0000 0.0000 1.0000 0.0000 0.0000 1.0000 0.0000 0.0000 0.0000 0.0000 0.0000 0.0000 0.0000 0.0000 0.0000 0.2000 0.2000 0.0000 0.0000 0.0000 0.0000 1.0000 0.0000 0.0000 0.3110 0.3110 0.0000 0.0000 0.0100 0.0000 0.3333 0.3333 0.0303 0.0303
0.0000 1.0000 0.9998 0.0000 0.0000 0.0000 1.0000 0.0000 0.0000 1.0000 0.0000 0.0000 0.0000 0.0000 0.0000 0.0000 0.0000 0.0000 0.0000 0.3000 0.3000 0.0000 0.0000 0.0000 0.0000 1.0000 0.0000 0.0000 0.2441 0.2441 0.0000 0.0000 0.0200 0.0000 0.0000 0.0000 0.5758 0.5758
0.0000 1.0000 1.0000 0.0000 0.0000 0.0000 0.0000 0.0000 0.0000 0.0000 0.0000 0.0000 0.0000 0.0000 0.0000 0.0000 0.0000 0.0000 0.0000 0.1000 0.1000 1.0000 1.0000 0.0000 0.0000 1.0000 0.0000 0.0000 1.0000 1.0000 0.0000 0.0000 0.0000 0.0000 0.0000 0.0000 0.1212 0.1212
0.0000 1.0000 0.9998 0.0000 0.0000 0.0000 1.0000 0.0000 0.0000 1.0000 0.0000 0.0000 0.0000 0.0000 0.0000 0.0000 0.0000 0.0000 0.0000 0.1000 0.1000 0.0000 0.0000 0.0000 0.0000 1.0000 0.0000 0.0000 0.9646 0.9646 0.0000 0.0000 0.0000 0.0000 0.0000 0.0000 0.0606 0.0606
0.0000 1.0000 0.9998 0.0000 0.0000 0.0000 1.0000 0.0000 0.0000 1.0000 0.0000 0.0000 0.0000 0.0000 0.0000 0.0000 0.0000 0.0000 0.0000 0.1000 0.2000 0.0000 0.0000 0.0000 0.4400 1.0000 0.0000 0.6700 0.6063 0.6063 0.0000 0.0000 0.0100 0.0000 0.0000 0.0000 0.0303 0.0303
0.0000 1.0000 0.9998 0.0000 0.0000 0.0000 1.0000 0.0000 0.0000 1.0000 0.0000 0.0000 0.0000 0.0000 0.0000 0.0000 0.0000 0.0000 0.0000 0.3000 0.3000 0.0000 0.0000 0.0000 0.0000 1.0000 0.0000 0.0000 0.4055 0.4055 0.0000 0.0000 0.0100 0.0000 0.0000 0.0000 0.1515 0.1515
0.0000 1.0000 0.9998 0.0000 0.0000 0.0000 1.0000 0.0000 0.0000 1.0000 0.0000 0.0000 0.0000 0.0000 0.0000 0.0000 0.0000 0.0000 0.0000 0.1000 0.3000 0.0000 0.0000 0.0000 0.6667 1.0000 0.0000 0.7500 1.0000 1.0000 0.0000 0.0000 0.0000 0.0000 0.0000 0.0000 0.1515 0.1515
0.0000 1.0000 0.9998 0.0000 0.0000 0.0000 1.0000 0.0000 0.0000 1.0000 0.0000 0.0000 0.0000 0.0000 0.0000 0.0000 0.0000 0.0000 0.0000 0.1000 0.1000 0.0000 0.0000 0.0000 0.0000 1.0000 0.0000 0.0000 0.6693 0.6693 0.0000 0.0000 0.0100 0.0000 0.0000 0.0000 0.0303 0.0303
0.0000 1.0000 0.9998 0.0000 0.0000 0.0000 1.0000 0.0000 0.0000 1.0000 0.0000 0.0000 0.0000 0.0000 0.0000 0.0000 0.0000 0.0000 0.0000 0.3000 0.3000 0.0000 0.0000 0.0000 0.0000 1.0000 0.0000 0.0000 0.4606 0.4606 0.0000 0.0000 0.0100 0.0000 0.0000 0.0000 0.1212 0.1212
0.0000 1.0000 0.9998 0.0000 0.0000 0.0000 1.0000 0.0000 0.0000 1.0000 0.0000 0.0000 0.0000 0.0000 0.0000 0.0000 0.0000 0.0000 0.0000 0.2000 0.3000 0.0000 0.0000 0.8933 1.0000 1.0000 0.0000 0.5000 1.0000 1.0000 0.0000 0.0000 0.0100 0.0000 0.0000 0.0000 0.1212 0.1212
0.0000 1.0000 0.9998 0.0000 0.0000 0.0000 1.0000 0.0000 0.0000 1.0000 0.0000 0.0000 0.0000 0.0000 0.0000 0.0000 0.0000 0.0000 0.0000 0.4000 0.4000 0.0000 0.0000 0.0000 0.0000 1.0000 0.0000 0.0000 1.0000 1.0000 0.0000 0.0000 0.0000 0.0000 0.0000 0.0000 0.1818 0.1818
0.0000 1.0000 0.9998 0.0000 0.0000 0.0000 0.0000 0.0000 0.0000 0.0000 0.0000 0.0000 0.0000 0.0000 0.0000 0.0000 0.0000 0.0000 0.0000 0.5000 0.6000 0.0000 0.0000 0.2267 0.3867 1.0000 0.0000 0.2900 1.0000 1.0000 0.0000 0.0000 0.0000 0.0000 0.0000 0.0000 0.1212 0.1212
0.0000 1.0000 0.9998 0.0000 0.0000 0.0000 1.0000 0.0000 0.0000 1.0000 0.0000 0.0000 0.0000 0.0000 0.0000 0.0000 0.0000 0.0000 0.0000 0.2000 0.2000 0.0000 0.0000 0.0000 0.0000 1.0000 0.0000 0.0000 0.5157 0.5157 0.0000 0.0000 0.0100 0.0000 0.0000 0.0000 0.0606 0.0606
0.0000 1.0000 0.9998 0.0000 0.0000 0.0000 1.0000 0.0000 0.0000 1.0000 0.0000 0.0000 0.0000 0.0000 0.0000 0.0000 0.0000 0.0000 0.0000 0.3000 0.4000 0.0000 0.0000 0.0000 0.2667 1.0000 0.0000 0.4000 1.0000 1.0000 0.0000 0.0000 0.0000 0.0000 0.0000 0.0000 0.1818 0.1818
0.0000 1.0000 0.9998 0.0000 0.0000 0.0000 1.0000 0.0000 0.0000 1.0000 0.0000 0.0000 0.0000 0.0000 0.0000 0.0000 0.0000 0.0000 0.0000 0.1000 0.1000 0.0000 0.0000 0.0000 0.0000 1.0000 0.0000 0.0000 0.4488 0.4488 0.0000 0.0000 0.0100 0.0000 0.0000 0.0000 0.0606 0.0606
0.0000 1.0000 0.9998 0.0000 0.0000 0.0000 1.0000 0.0000 0.0000 1.0000 0.0000 0.0000 0.0000 0.0000 0.0000 0.0000 0.0000 0.0000 0.0000 0.0000 0.0000 0.0000 0.0000 0.0000 0.0000 1.0000 0.0000 0.0000 0.8583 0.8583 0.0000 0.0000 0.0000 0.0000 0.0000 0.0000 0.0303 0.0303
0.0000 1.0000 0.9998 0.0000 0.0000 0.0000 1.0000 0.0000 0.0000 1.0000 0.0000 0.0000 0.0000 0.0000 0.0000 0.0000 0.0000 0.0000 0.0000 0.4000 0.4000 0.4000 0.4000 0.2667 0.2667 1.0000 0.0000 0.0000 1.0000 1.0000 0.0000 0.0000 0.0000 0.0000 0.0000 0.0000 0.1818 0.1818
0.0000 1.0000 0.9998 0.0000 0.0000 0.0000 1.0000 0.0000 0.0000 1.0000 0.0000 0.0000 0.0000 0.0000 0.0000 0.0000 0.0000 0.0000 0.0000 0.0000 0.0000 0.0000 0.0000 0.0000 0.0000 1.0000 0.0000 0.0000 0.6614 0.6614 0.0000 0.0000 0.0100 0.0000 0.0000 0.0000 0.0303 0.0303
0.0000 1.0000 0.9998 0.0000 0.0000 0.0000 1.0000 0.0000 0.0000 1.0000 0.0000 0.0000 0.0000 0.0000 0.0000 0.0000 0.0000 0.0000 0.0000 0.4000 0.4000 0.0000 0.0000 0.2667 0.2667 1.0000 0.0000 0.0000 0.8346 0.8346 0.0000 0.0000 0.0000 0.0000 0.0000 0.0000 0.1818 0.1818
0.0000 1.0000 0.9998 0.0000 0.0000 0.0000 1.0000 0.0000 0.0000 1.0000 0.0000 0.0000 0.0000 0.0000 0.0000 0.0000 0.0000 0.0000 0.0000 0.5000 0.5000 0.0000 0.0000 0.0000 0.0000 1.0000 0.0000 0.0000 1.0000 1.0000 0.0000 0.0000 0.0000 0.0000 0.0000 0.0000 0.1515 0.1515
0.0000 1.0000 0.9998 0.0000 0.0000 0.0000 1.0000 0.0000 0.0000 1.0000 0.0000 0.0000 0.0000 0.0000 0.0000 0.0000 0.0000 0.0000 0.0000 0.1000 0.2000 0.0000 0.0000 0.0000 0.4400 1.0000 0.0000 0.6700 0.5512 0.5512 0.0000 0.0000 0.0100 0.0000 0.0000 0.0000 0.0303 0.0303
0.0000 1.0000 0.9998 0.0000 0.0000 0.0000 1.0000 0.0000 0.0000 1.0000 0.0000 0.0000 0.0000 0.0000 0.0000 0.0000 0.0000 0.0000 0.0000 0.1000 0.1000 0.0000 0.0000 0.0000 0.0000 1.0000 0.0000 0.0000 0.5945 0.5945 0.0000 0.0000 0.0100 0.0000 0.0000 0.0000 0.0303 0.0303
0.0000 1.0000 0.9998 0.0000 0.0000 0.0000 1.0000 0.0000 0.0000 1.0000 0.0000 0.0000 0.0000 0.0000 0.0000 0.0000 0.0000 0.0000 0.0000 0.3000 0.3000 0.0000 0.0000 0.6667 0.6667 1.0000 0.0000 0.0000 1.0000 1.0000 0.0000 0.0000 0.0000 0.0000 0.0000 0.0000 0.1818 0.1818
0.0000 1.0000 0.9998 0.0000 0.0000 0.0000 1.0000 0.0000 0.0000 1.0000 0.0000 0.0000 0.0000 0.0000 0.0000 0.0000 0.0000 0.0000 0.0000 0.4000 0.4000 0.0000 0.0000 0.0000 0.0000 1.0000 0.0000 0.0000 0.5079 0.5079 0.0000 0.0000 0.0100 0.0000 0.0000 0.0000 0.1515 0.1515
0.0000 1.0000 0.9998 0.0000 0.0000 0.0000 1.0000 0.0000 0.0000 1.0000 0.0000 0.0000 0.0000 0.0000 0.0000 0.0000 0.0000 0.0000 0.0000 0.3000 0.3000 0.0000 0.0000 0.0000 0.0000 1.0000 0.0000 0.0000 0.7008 0.7008 0.0000 0.0000 0.0100 0.0000 0.0000 0.0000 0.1818 0.1818
0.0000 1.0000 1.0000 0.0000 0.0000 0.0000 0.5000 0.0000 0.0000 0.0000 0.0000 0.0000 0.0000 0.0000 0.0000 0.0000 0.0000 0.0000 0.0000 0.1000 0.1000 1.0000 1.0000 0.0000 0.0000 1.0000 0.0000 0.0000 1.0000 1.0000 0.0000 0.0000 0.0000 0.0000 0.3333 0.3333 0.1515 0.1515
0.0000 1.0000 0.9998 0.0000 0.0000 0.0000 1.0000 0.0000 0.0000 1.0000 0.0000 0.0000 0.0000 0.0000 0.0000 0.0000 0.0000 0.0000 0.0000 0.1000 0.1000 0.0000 0.0000 0.0000 0.0000 1.0000 0.0000 0.0000 0.4134 0.4134 0.0000 0.0000 0.0100 0.0000 0.0000 0.0000 0.0303 0.0303
0.0000 1.0000 0.9998 0.0000 0.0000 0.0000 1.0000 0.0000 0.0000 1.0000 0.0000 0.0000 0.0000 0.0000 0.0000 0.0000 0.0000 0.0000 0.0000 0.3000 0.3000 0.0000 0.0000 0.3333 0.3333 1.0000 0.0000 0.0000 1.0000 1.0000 0.0000 0.0000 0.0000 0.0000 0.0000 0.0000 0.0909 0.0909
0.0000 1.0000 0.9998 0.0000 0.0000 0.0000 1.0000 0.0000 0.0000 1.0000 0.0000 0.0000 0.0000 0.0000 0.0000 0.0000 0.0000 0.0000 0.0000 0.4000 0.5000 0.0000 0.0000 0.0000 0.2267 1.0000 0.0000 0.3300 1.0000 1.0000 0.0000 0.0000 0.0000 0.0000 0.0000 0.0000 0.0909 0.0909
0.0000 1.0000 0.9998 0.0000 0.0000 0.0000 1.0000 0.0000 0.0000 1.0000 0.0000 0.0000 0.0000 0.0000 0.0000 0.0000 0.0000 0.0000 0.0000 0.1000 0.1000 0.0000 0.0000 0.0000 0.0000 1.0000 0.0000 0.0000 0.6929 0.6929 0.0000 0.0000 0.0100 0.0000 0.0000 0.0000 0.0303 0.0303
0.0000 1.0000 0.9998 0.0000 0.0000 0.0000 1.0000 0.0000 0.0000 1.0000 0.0000 0.0000 0.0000 0.0000 0.0000 0.0000 0.0000 0.0000 0.0000 0.2000 0.2000 0.0000 0.0000 0.0000 0.0000 1.0000 0.0000 0.0000 0.1772 0.1772 0.0000 0.0000 0.0200 0.0000 0.0000 0.0000 0.7879 0.7879
0.0000 1.0000 0.9998 0.0000 0.0000 0.0000 1.0000 0.0000 0.0000 1.0000 0.0000 0.0000 0.0000 0.0000 0.0000 0.0000 0.0000 0.0000 0.0000 0.5000 0.5000 0.0000 0.0000 0.0000 0.0000 1.0000 0.0000 0.0000 1.0000 1.0000 0.0000 0.0000 0.0000 0.0000 0.3333 0.3333 0.0606 0.0606
0.0000 1.0000 0.9998 0.0000 0.0000 0.0000 1.0000 0.0000 0.0000 1.0000 0.0000 0.0000 0.0000 0.0000 0.0000 0.0000 0.0000 0.0000 0.0000 0.1000 0.1000 0.0000 0.0000 0.0000 0.0000 1.0000 0.0000 0.0000 0.6220 0.6220 0.0000 0.0000 0.0100 0.0000 0.0000 0.0000 0.0303 0.0303
0.0000 0.0000 0.0000 0.0000 0.0000 0.0000 0.5000 0.0000 0.0000 0.0000 0.0000 0.0000 0.0000 0.0000 0.0000 0.0000 0.0000 0.0000 0.0000 0.3000 0.3000 0.0000 0.0000 1.0000 1.0000 1.0000 0.0000 0.0000 1.0000 1.0000 0.0000 0.0000 0.0000 0.0000 0.0000 0.0000 0.1212 0.1212
0.0000 1.0000 0.9998 0.0000 0.0000 0.0000 1.0000 0.0000 0.0000 1.0000 0.0000 0.0000 0.0000 0.0000 0.0000 0.0000 0.0000 0.0000 0.0000 0.3000 0.3000 0.0000 0.0000 0.0000 0.0000 1.0000 0.0000 0.0000 0.1457 0.1457 0.0000 0.0000 0.0300 0.0000 1.0000 1.0000 0.0909 0.0909
0.0000 1.0000 0.9998 0.0000 0.0000 0.0000 1.0000 0.0000 0.0000 1.0000 0.0000 0.0000 0.0000 0.0000 0.0000 0.0000 0.0000 0.0000 0.0000 0.3000 0.3000 0.0000 0.0000 0.0000 0.0000 1.0000 0.0000 0.0000 0.1929 0.1929 0.0000 0.0000 0.0200 0.0000 0.6667 0.6667 0.0606 0.0606
0.0000 1.0000 0.8119 0.0000 0.0000 0.0000 0.5000 0.0000 0.0000 0.0000 0.0000 0.0000 0.0000 0.0000 0.0000 0.0000 0.0000 0.0000 0.0000 0.1000 0.1000 0.0000 0.0000 0.6667 0.6667 1.0000 0.0000 0.0000 1.0000 1.0000 0.0000 0.0000 0.0000 0.0000 0.0000 0.0000 0.1212 0.1212
0.0000 1.0000 0.9998 0.0000 0.0000 0.0000 1.0000 0.0000 0.0000 1.0000 0.0000 0.0000 0.0000 0.0000 0.0000 0.0000 0.0000 0.0000 0.0000 0.0000 0.1000 0.0000 0.0000 0.0000 0.6667 1.0000 0.0000 1.0000 0.7087 0.7087 0.0000 0.0000 0.0100 0.0000 0.0000 0.0000 0.0303 0.0303
0.0000 1.0000 0.9998 0.0000 0.0000 0.0000 1.0000 0.0000 0.0000 1.0000 0.0000 0.0000 0.0000 0.0000 0.0000 0.0000 0.0000 0.0000 0.0000 0.4000 0.5000 0.0000 0.0000 0.5333 0.6667 1.0000 0.0000 0.3300 1.0000 1.0000 0.0000 0.0000 0.0000 0.0000 0.0000 0.0000 0.0909 0.0909
0.0000 1.0000 0.9998 0.0000 0.0000 0.0000 1.0000 0.0000 0.0000 1.0000 0.0000 0.0000 0.0000 0.0000 0.0000 0.0000 0.0000 0.0000 0.0000 0.3000 0.3000 0.0000 0.0000 0.3333 0.3333 1.0000 0.0000 0.0000 0.5630 0.5630 0.0000 0.0000 0.0100 0.0000 0.0000 0.0000 0.1818 0.1818
0.0000 1.0000 0.9998 0.0000 0.0000 0.0000 1.0000 0.0000 0.0000 1.0000 0.0000 0.0000 0.0000 0.0000 0.0000 0.0000 0.0000 0.0000 0.0000 0.2000 0.2000 0.0000 0.0000 0.4400 0.4400 1.0000 0.0000 0.0000 0.0079 0.0079 0.0000 0.0000 0.3300 0.0000 0.0000 0.0000 1.0000 1.0000
0.0000 1.0000 0.9998 0.0000 0.0000 0.0000 1.0000 0.0000 0.0000 1.0000 0.0000 0.0000 0.0000 0.0000 0.0000 0.0000 0.0000 0.0000 0.0000 0.1000 0.2000 0.0000 0.0000 0.6667 0.8933 1.0000 0.0000 0.6700 1.0000 1.0000 0.0000 0.0000 0.0000 0.0000 0.3333 0.3333 0.1515 0.1515
0.0000 1.0000 0.9998 0.0000 0.0000 0.0000 1.0000 0.0000 0.0000 1.0000 0.0000 0.0000 0.0000 0.0000 0.0000 0.0000 0.0000 0.0000 0.0000 0.0000 0.0000 0.0000 0.0000 0.0000 0.0000 1.0000 0.0000 0.0000 1.0000 1.0000 0.0000 0.0000 0.0000 0.0000 0.3333 0.3333 0.1212 0.1212
0.0000 1.0000 0.9998 0.0000 0.0000 0.0000 1.0000 0.0000 0.0000 1.0000 0.0000 0.0000 0.0000 0.0000 0.0000 0.0000 0.0000 0.0000 0.0000 0.4000 0.4000 0.0000 0.0000 0.0000 0.0000 1.0000 0.0000 0.0000 0.1220 0.1220 0.0000 0.0000 0.0300 0.0000 0.0000 0.0000 0.1818 0.1818
0.0000 1.0000 0.9998 0.0000 0.0000 0.0000 1.0000 0.0000 0.0000 1.0000 0.0000 0.0000 0.0000 0.0000 0.0000 0.0000 0.0000 0.0000 0.0000 0.3000 0.3000 0.0000 0.0000 0.3333 0.3333 1.0000 0.0000 0.0000 0.5236 0.5236 0.0000 0.0000 0.0100 0.0000 0.0000 0.0000 0.1515 0.1515
0.0000 1.0000 0.9998 0.0000 0.0000 0.0000 1.0000 0.0000 0.0000 1.0000 0.0000 0.0000 0.0000 0.0000 0.0000 0.0000 0.0000 0.0000 0.0000 0.2000 0.2000 0.0000 0.0000 0.0000 0.0000 1.0000 0.0000 0.0000 0.0906 0.0906 0.0000 0.0000 0.0400 0.0000 0.0000 0.0000 0.1212 0.1212
0.0000 1.0000 0.9998 0.0000 0.0000 0.0000 1.0000 0.0000 0.0000 1.0000 0.0000 0.0000 0.0000 0.0000 0.0000 0.0000 0.0000 0.0000 0.0000 0.1000 0.1000 0.0000 0.0000 0.0000 0.0000 1.0000 0.0000 0.0000 0.3898 0.3898 0.0000 0.0000 0.0100 0.0000 0.0000 0.0000 0.0303 0.0303
0.0000 1.0000 0.9998 0.0000 0.0000 0.0000 1.0000 0.0000 0.0000 1.0000 0.0000 0.0000 0.0000 0.0000 0.0000 0.0000 0.0000 0.0000 0.0000 0.0000 0.0000 0.0000 0.0000 0.0000 0.0000 1.0000 0.0000 0.0000 0.0000 0.0000 0.0000 0.0000 1.0000 0.0000 0.0000 0.0000 0.0000 0.0000
0.0000 1.0000 0.9998 0.0000 0.0000 0.0000 1.0000 0.0000 0.0000 1.0000 0.0000 0.0000 0.0000 0.0000 0.0000 0.0000 0.0000 0.0000 0.0000 0.3000 0.3000 0.0000 0.0000 0.3333 0.3333 1.0000 0.0000 0.0000 0.2677 0.2677 0.0000 0.0000 0.0100 0.0000 0.0000 0.0000 0.5758 0.5758
0.0000 0.9811 0.8119 0.0000 0.0000 0.0000 0.5000 0.0000 0.0000 0.0000 0.0000 0.0000 0.0000 0.0000 0.0000 0.0000 0.0000 0.0000 0.0000 0.2000 0.2000 0.0000 0.0000 0.4400 0.4400 1.0000 0.0000 0.0000 1.0000 1.0000 0.0000 0.0000 0.0000 0.0000 0.0000 0.0000 0.1818 0.1818
0.0000 1.0000 0.9998 0.0000 0.0000 0.0000 1.0000 0.0000 0.0000 1.0000 0.0000 0.0000 0.0000 0.0000 0.0000 0.0000 0.0000 0.0000 0.0000 0.3000 0.3000 0.0000 0.0000 0.0000 0.0000 1.0000 0.0000 0.0000 0.4291 0.4291 0.0000 0.0000 0.0100 0.0000 0.0000 0.0000 0.1515 0.1515
0.0000 1.0000 0.9998 0.0000 0.0000 0.0000 1.0000 0.0000 0.0000 1.0000 0.0000 0.0000 0.0000 0.0000 0.0000 0.0000 0.0000 0.0000 0.0000 0.1000 0.2000 0.0000 0.0000 0.0000 0.4400 1.0000 0.0000 0.6700 0.1732 0.1732 0.0000 0.0000 0.0200 0.0000 0.0000 0.0000 0.0000 0.0000
0.0000 1.0000 0.9998 0.0000 0.0000 0.0000 1.0000 0.0000 0.0000 1.0000 0.0000 0.0000 0.0000 0.0000 0.0000 0.0000 0.0000 0.0000 0.0000 0.2000 0.4000 0.0000 0.0000 0.0000 0.5333 1.0000 0.0000 0.6000 1.0000 1.0000 0.0000 0.0000 0.0000 0.0000 0.3333 0.3333 0.1212 0.1212
0.0000 1.0000 0.9998 0.0000 0.0000 0.0000 1.0000 0.0000 0.0000 1.0000 0.0000 0.0000 0.0000 0.0000 0.0000 0.0000 0.0000 0.0000 0.0000 0.3000 0.4000 0.0000 0.0000 0.0000 0.2667 1.0000 0.0000 0.4000 0.3937 0.3937 0.0000 0.0000 0.0100 0.0000 0.0000 0.0000 0.1515 0.1515
0.0000 1.0000 0.9998 0.0000 0.0000 0.0000 1.0000 0.0000 0.0000 1.0000 0.0000 0.0000 0.0000 0.0000 0.0000 0.0000 0.0000 0.0000 0.0000 0.3000 0.3000 0.0000 0.0000 0.0000 0.0000 1.0000 0.0000 0.0000 0.6457 0.6457 0.0000 0.0000 0.0100 0.0000 0.0000 0.0000 0.1515 0.1515
0.0000 1.0000 0.9998 0.0000 0.0000 0.0000 1.0000 0.0000 0.0000 1.0000 0.0000 0.0000 0.0000 0.0000 0.0000 0.0000 0.0000 0.0000 0.0000 0.4000 0.4000 0.0000 0.0000 0.0000 0.0000 1.0000 0.0000 0.0000 0.9882 0.9882 0.0000 0.0000 0.0000 0.0000 0.0000 0.0000 0.1515 0.1515
0.0000 1.0000 0.9998 0.0000 0.0000 0.0000 1.0000 0.0000 0.0000 1.0000 0.0000 0.0000 0.0000 0.0000 0.0000 0.0000 0.0000 0.0000 0.0000 0.0000 0.0000 0.0000 0.0000 0.0000 0.0000 1.0000 0.0000 0.0000 0.7953 0.7953 0.0000 0.0000 0.0000 0.0000 0.0000 0.0000 0.0303 0.0303
0.0000 1.0000 0.9998 0.0000 0.0000 0.0000 1.0000 0.0000 0.0000 1.0000 0.0000 0.0000 0.0000 0.0000 0.0000 0.0000 0.0000 0.0000 0.0000 0.2000 0.2000 0.0000 0.0000 0.0000 0.0000 1.0000 0.0000 0.0000 0.4252 0.4252 0.0000 0.0000 0.0100 0.0000 0.0000 0.0000 0.0303 0.0303
0.0000 0.1632 0.0000 0.0000 0.0000 0.0000 0.5000 0.0000 0.0000 0.0000 0.0000 0.0000 0.0000 0.0000 0.0000 0.0000 0.0000 0.0000 0.0000 0.4000 0.4000 0.0000 0.0000 0.5333 0.5333 1.0000 0.0000 0.0000 1.0000 1.0000 0.0000 0.0000 0.0000 0.0000 0.0000 0.0000 0.1818 0.1818
0.0000 1.0000 0.9998 0.0000 0.0000 0.0000 1.0000 0.0000 0.0000 1.0000 0.0000 0.0000 0.0000 0.0000 0.0000 0.0000 0.0000 0.0000 0.0000 1.0000 1.0000 0.0000 0.0000 0.0000 0.0000 1.0000 0.0000 0.0000 1.0000 1.0000 0.0000 0.0000 0.0000 0.0000 0.0000 0.0000 0.1212 0.1212
0.0000 1.0000 0.9998 0.0000 0.0000 0.0000 1.0000 0.0000 0.0000 1.0000 0.0000 0.0000 0.0000 0.0000 0.0000 0.0000 0.0000 0.0000 0.0000 0.4000 0.3000 0.0000 0.0000 0.2667 0.3333 0.0000 1.0000 0.0000 0.2874 0.2874 0.0000 0.0000 0.0100 0.0000 0.0000 0.0000 0.1212 0.1212
0.0000 1.0000 0.9998 0.0000 0.0000 0.0000 1.0000 0.0000 0.0000 1.0000 0.0000 0.0000 0.0000 0.0000 0.0000 0.0000 0.0000 0.0000 0.0000 0.2000 0.2000 0.0000 0.0000 0.0000 0.0000 1.0000 0.0000 0.0000 0.9764 0.9764 0.0000 0.0000 0.0000 0.0000 0.0000 0.0000 0.0606 0.0606
0.0000 1.0000 0.9998 0.0000 0.0000 0.0000 1.0000 0.0000 0.0000 1.0000 0.0000 0.0000 0.0000 0.0000 0.0000 0.0000 0.0000 0.0000 0.0000 0.1000 0.1000 0.0000 0.0000 0.0000 0.0000 1.0000 0.0000 0.0000 1.0000 1.0000 0.0000 0.0000 0.0000 0.0000 0.3333 0.3333 0.1515 0.1515
0.0000 1.0000 0.9998 0.0000 0.0000 0.0000 1.0000 0.0000 0.0000 1.0000 0.0000 0.0000 0.0000 0.0000 0.0000 0.0000 0.0000 0.0000 0.0000 0.1000 0.1000 0.0000 0.0000 0.0000 0.0000 1.0000 0.0000 0.0000 0.9724 0.9724 0.0000 0.0000 0.0000 0.0000 0.0000 0.0000 0.0606 0.0606
0.0000 1.0000 0.9998 0.0000 0.0000 0.0000 1.0000 0.0000 0.0000 1.0000 0.0000 0.0000 0.0000 0.0000 0.0000 0.0000 0.0000 0.0000 0.0000 0.0000 0.1000 0.0000 0.0000 0.0000 0.6667 1.0000 0.0000 1.0000 1.0000 1.0000 0.0000 0.0000 0.0000 0.0000 0.3333 0.3333 0.0909 0.0909
0.0000 1.0000 0.9998 0.0000 0.0000 0.0000 1.0000 0.0000 0.0000 1.0000 0.0000 0.0000 0.0000 0.0000 0.0000 0.0000 0.0000 0.0000 0.0000 0.3000 0.4000 0.0000 0.0000 0.0000 0.2667 1.0000 0.0000 0.4000 1.0000 1.0000 0.0000 0.0000 0.0000 0.0000 0.3333 0.3333 0.0606 0.0606
0.0000 1.0000 0.9998 0.0000 0.0000 0.0000 1.0000 0.0000 0.0000 1.0000 0.0000 0.0000 0.0000 0.0000 0.0000 0.0000 0.0000 0.0000 0.0000 0.2000 0.2000 0.0000 0.0000 0.0000 0.0000 1.0000 0.0000 0.0000 0.1299 0.1299 0.0000 0.0000 0.0300 0.0000 0.0000 0.0000 0.1818 0.1818
0.0000 1.0000 0.9998 0.0000 0.0000 0.0000 1.0000 0.0000 0.0000 1.0000 0.0000 0.0000 0.0000 0.0000 0.0000 0.0000 0.0000 0.0000 0.0000 0.1000 0.1000 0.0000 0.0000 0.0000 0.0000 1.0000 0.0000 0.0000 0.3583 0.3583 0.0000 0.0000 0.0100 0.0000 0.0000 0.0000 0.0303 0.0303
0.0000 1.0000 0.9998 0.0000 0.0000 0.0000 1.0000 0.0000 0.0000 1.0000 0.0000 0.0000 0.0000 0.0000 0.0000 0.0000 0.0000 0.0000 0.0000 0.3000 0.3000 0.0000 0.0000 0.0000 0.0000 1.0000 0.0000 0.0000 1.0000 1.0000 0.0000 0.0000 0.0000 0.0000 0.3333 0.3333 0.1212 0.1212
0.0000 1.0000 0.9998 0.0000 0.0000 0.0000 1.0000 0.0000 0.0000 1.0000 0.0000 0.0000 0.0000 0.0000 0.0000 0.0000 0.0000 0.0000 0.0000 0.1000 0.1000 0.0000 0.0000 0.0000 0.0000 1.0000 0.0000 0.0000 0.3386 0.3386 0.0000 0.0000 0.0100 0.0000 0.0000 0.0000 0.0303 0.0303
0.0000 1.0000 0.9998 0.0000 0.0000 0.0000 1.0000 0.0000 0.0000 1.0000 0.0000 0.0000 0.0000 0.0000 0.0000 0.0000 0.0000 0.0000 0.0000 0.3000 0.3000 0.0000 0.0000 0.3333 0.3333 1.0000 0.0000 0.0000 0.5315 0.5315 0.0000 0.0000 0.0100 0.0000 0.0000 0.0000 0.1515 0.1515
0.0000 1.0000 0.9998 0.0000 0.0000 0.0000 1.0000 0.0000 0.0000 1.0000 0.0000 0.0000 0.0000 0.0000 0.0000 0.0000 0.0000 0.0000 0.0000 0.1000 0.1000 0.0000 0.0000 0.6667 0.6667 1.0000 0.0000 0.0000 0.1890 0.1890 0.0000 0.0000 0.0200 0.0000 0.0000 0.0000 0.0606 0.0606
0.0000 1.0000 0.9998 0.0000 0.0000 0.0000 1.0000 0.0000 0.0000 1.0000 0.0000 0.0000 0.0000 0.0000 0.0000 0.0000 0.0000 0.0000 0.0000 0.3000 0.3000 0.0000 0.0000 0.0000 0.0000 1.0000 0.0000 0.0000 0.1890 0.1890 0.0000 0.0000 0.0200 0.0000 0.0000 0.0000 0.7273 0.7273
0.0000 1.0000 0.9998 0.0000 0.0000 0.0000 1.0000 0.0000 0.0000 1.0000 0.0000 0.0000 0.0000 0.0000 0.0000 0.0000 0.0000 0.0000 0.0000 0.5000 0.6000 0.0000 0.0000 0.0000 0.1867 1.0000 0.0000 0.2900 1.0000 1.0000 0.0000 0.0000 0.0000 0.0000 0.0000 0.0000 0.1515 0.1515
0.0000 0.9811 0.0000 0.0000 0.0000 0.0000 0.5000 0.0000 0.0000 0.0000 0.0000 0.0000 0.0000 0.0000 0.0000 0.0000 0.0000 0.0000 0.0000 0.3000 0.3000 0.0000 0.0000 0.3333 0.3333 1.0000 0.0000 0.0000 1.0000 1.0000 0.0000 0.0000 0.0000 0.0000 0.0000 0.0000 0.1515 0.1515
0.0000 1.0000 0.2706 0.0000 0.0000 0.0000 0.5000 0.0000 0.0000 0.0000 0.0000 0.0000 0.0000 0.0000 0.0000 0.0000 0.0000 0.0000 0.0000 0.1000 0.1000 1.0000 1.0000 0.0000 0.0000 1.0000 0.0000 0.0000 1.0000 1.0000 0.0000 0.0000 0.0000 0.0000 0.0000 0.0000 0.1212 0.1212
0.0000 1.0000 0.9998 0.0000 0.0000 0.0000 1.0000 0.0000 0.0000 1.0000 0.0000 0.0000 0.0000 0.0000 0.0000 0.0000 0.0000 0.0000 0.0000 0.4000 0.4000 0.0000 0.0000 0.2667 0.2667 1.0000 0.0000 0.0000 0.5276 0.5276 0.0000 0.0000 0.0100 0.0000 0.0000 0.0000 0.1515 0.1515
0.0000 1.0000 0.9998 0.0000 0.0000 0.0000 1.0000 0.0000 0.0000 1.0000 0.0000 0.0000 0.0000 0.0000 0.0000 0.0000 0.0000 0.0000 0.0000 0.1000 0.1000 0.0000 0.0000 0.0000 0.0000 1.0000 0.0000 0.0000 0.1220 0.1220 0.0000 0.0000 0.0300 0.0000 1.0000 1.0000 0.0909 0.0909
0.0000 1.0000 0.9998 0.0000 0.0000 0.0000 1.0000 0.0000 0.0000 1.0000 0.0000 0.0000 0.0000 0.0000 0.0000 0.0000 0.0000 0.0000 0.0000 0.6000 0.7000 0.0000 0.0000 0.3867 0.5067 1.0000 0.0000 0.2500 1.0000 1.0000 0.0000 0.0000 0.0000 0.0000 0.0000 0.0000 0.1818 0.1818
0.0000 1.0000 0.9998 0.0000 0.0000 0.0000 1.0000 0.0000 0.0000 1.0000 0.0000 0.0000 0.0000 0.0000 0.0000 0.0000 0.0000 0.0000 0.0000 0.0000 0.0000 0.0000 0.0000 0.0000 0.0000 1.0000 0.0000 0.0000 0.5709 0.5709 0.0000 0.0000 0.0100 0.0000 0.0000 0.0000 0.0303 0.0303
0.0000 1.0000 0.9998 0.0000 0.0000 0.0000 1.0000 0.0000 0.0000 1.0000 0.0000 0.0000 0.0000 0.0000 0.0000 0.0000 0.0000 0.0000 0.0000 0.3000 0.3000 0.0000 0.0000 0.0000 0.0000 1.0000 0.0000 0.0000 0.0551 0.0551 0.0000 0.0000 0.0700 0.0000 0.0000 0.0000 0.2121 0.2121
0.0000 1.0000 0.9998 0.0000 0.0000 0.0000 1.0000 0.0000 0.0000 1.0000 0.0000 0.0000 0.0000 0.0000 0.0000 0.0000 0.0000 0.0000 0.0000 0.1000 0.3000 0.0000 0.0000 0.0000 0.0000 1.0000 0.0000 0.7500 0.0197 0.0197 0.0000 0.0000 0.1700 0.0000 0.0000 0.0000 0.5152 0.5152
0.0000 1.0000 0.9998 0.0000 0.0000 0.0000 1.0000 0.0000 0.0000 1.0000 0.0000 0.0000 0.0000 0.0000 0.0000 0.0000 0.0000 0.0000 0.0000 0.2000 0.2000 0.0000 0.0000 0.0000 0.0000 1.0000 0.0000 0.0000 0.3504 0.3504 0.0000 0.0000 0.0100 0.0000 0.0000 0.0000 0.0303 0.0303
1.0000 1.0000 0.9998 0.0000 0.0000 0.0000 1.0000 0.0000 0.0000 1.0000 0.0000 0.0000 0.0000 0.0000 0.0000 0.0000 0.0000 0.0000 0.0000 0.2000 0.2000 0.0000 0.0000 0.0000 0.0000 1.0000 0.0000 0.0000 0.1299 0.1299 0.0000 0.0000 0.0300 0.0000 0.0000 0.0000 0.9697 0.9697
0.0000 1.0000 0.9998 0.0000 0.0000 0.0000 1.0000 0.0000 0.0000 1.0000 0.0000 0.0000 0.0000 0.0000 0.0000 0.0000 0.0000 0.0000 0.0000 0.1000 0.1000 0.0000 0.0000 0.0000 0.0000 1.0000 0.0000 0.0000 0.1496 0.1496 0.0000 0.0000 0.0300 0.0000 0.0000 0.0000 0.0000 0.0000
0.0000 1.0000 0.9998 0.0000 0.0000 0.0000 1.0000 0.0000 0.0000 1.0000 0.0000 0.0000 0.0000 0.0000 0.0000 0.0000 0.0000 0.0000 0.0000 0.1000 0.1000 0.0000 0.0000 0.0000 0.0000 1.0000 0.0000 0.0000 0.2205 0.2205 0.0000 0.0000 0.0200 0.0000 0.0000 0.0000 0.0606 0.0606
